"Data Source","Indicadores del desarrollo mundial",

"Last Updated Date","2023-05-10",

"Country Name","Country Code","Indicator Name","Indicator Code","1960","1961","1962","1963","1964","1965","1966","1967","1968","1969","1970","1971","1972","1973","1974","1975","1976","1977","1978","1979","1980","1981","1982","1983","1984","1985","1986","1987","1988","1989","1990","1991","1992","1993","1994","1995","1996","1997","1998","1999","2000","2001","2002","2003","2004","2005","2006","2007","2008","2009","2010","2011","2012","2013","2014","2015","2016","2017","2018","2019","2020","2021","2022",
"Aruba","ABW","Esperanza de vida al nacer, total (años)","SP.DYN.LE00.IN","64.152","64.537","64.752","65.132","65.294","65.502","66.063","66.439","66.757","67.168","67.583","67.975","68.577","69.092","69.503","69.762","70.035","70.264","70.494","70.778","71.066","71.722","71.959","72.105","72.251","72.388","72.462","72.789","73.047","73.023","73.076","73.1","73.179","73.225","73.272","73.349","73.448","73.452","73.491","73.561","73.569","73.647","73.726","73.752","73.576","73.811","74.026","74.21","74.147","74.56","75.404","75.465","75.531","75.636","75.601","75.683","75.617","75.903","76.072","76.248","75.723","74.626","",
"","AFE","Esperanza de vida al nacer, total (años)","SP.DYN.LE00.IN","44.0855518454965","44.386696928982","44.7521818697994","44.9131593023895","45.4790430350925","45.4983377851245","45.249104629175","45.9249050028634","46.2230965735857","46.4323030920124","46.7184845197579","47.1929422628056","46.8973892484582","47.6923174333564","47.5980637543936","47.7598869102852","48.3495880515137","48.6359051941044","48.7636045995518","49.261335737194","49.6365376633939","50.0570732913929","50.2968491379812","48.7033305923076","48.6526645552392","49.0116307202704","49.6397190079537","50.0758875408274","49.3597265265243","50.6840997852884","50.6077275337211","50.3904596093263","49.9621136475362","50.2736279712378","50.882581820857","51.0019252899341","50.8106889705148","50.9742313589474","50.3259127442221","51.2378519083819","51.9644813247726","52.189648214333","52.540794004192","53.0220345898659","53.5454571098034","54.2196508058582","55.1505461100496","55.9338017149142","56.6804188973962","57.6208515442432","58.4111497501441","59.2932713889337","60.0507802468673","60.709863140516","61.337911447657","61.8564524336049","62.4440448894169","62.9223846035263","63.3658579512383","63.7556736140197","63.3138559861117","62.4545852699516","",
"Afganistán","AFG","Esperanza de vida al nacer, total (años)","SP.DYN.LE00.IN","32.535","33.068","33.547","34.016","34.494","34.953","35.453","35.924","36.418","36.91","37.418","37.923","38.444","39.003","39.55","40.1","40.645","41.228","40.271","39.086","39.618","40.164","37.766","38.187","33.329","33.55","39.396","39.844","43.958","45.158","45.967","46.663","47.596","51.466","51.495","52.544","53.243","53.634","52.943","54.846","55.298","55.798","56.454","57.344","57.944","58.361","58.684","59.111","59.852","60.364","60.851","61.419","61.923","62.417","62.545","62.659","63.136","63.016","63.081","63.565","62.575","61.982","",
"","AFW","Esperanza de vida al nacer, total (años)","SP.DYN.LE00.IN","37.8451516181524","38.1649497795417","38.7351018609467","39.0637152759625","39.3353602545353","39.6180376955522","39.8378269884933","39.4715000612072","40.0856789209301","40.350420384534","41.0347613835006","41.5567211054069","42.2497926046538","42.855047105512","43.4976836506848","44.201253848732","45.0031631429918","45.7198894946875","46.269535088376","46.6737358706341","47.0152387693495","47.2971899672045","47.529378486773","47.7852622311657","47.9319203796926","48.0216757263597","48.0667637335486","48.2378522324172","48.5129131210586","48.6898474133953","48.6500033905016","48.6624610142838","48.7372663398837","48.8320388374723","48.6818922948796","48.7837728532269","48.9062773288063","49.0791837660659","49.3329492370093","49.7501167734063","50.221953875359","50.565144130827","50.9278483335328","51.4033564775689","51.8191317940034","52.3445512272646","52.8321256822206","53.2517115680003","53.6411646755364","54.1594208389292","54.550169165108","55.0131378935872","55.3405609869972","55.673405514134","55.9222289908432","56.1958723463674","56.5816784850503","56.888445830282","57.1891392680655","57.5557955517512","57.2263727312399","56.9886567820139","",
"Angola","AGO","Esperanza de vida al nacer, total (años)","SP.DYN.LE00.IN","38.211","37.267","37.539","37.824","38.131","38.495","38.757","39.092","39.484","39.829","40.19","40.554","40.905","41.27","41.652","41.191","41.163","41.437","41.83","42.175","42.449","42.772","43.051","42.092","42.353","42.648","42.843","40.917","41.545","41.765","41.893","43.813","42.209","42.101","43.422","45.849","46.033","46.306","45.057","45.386","46.024","46.59","47.386","49.617","50.592","51.57","52.369","53.642","54.633","55.752","56.726","57.596","58.623","59.307","60.04","60.655","61.092","61.68","62.144","62.448","62.261","61.643","",
"Albania","ALB","Esperanza de vida al nacer, total (años)","SP.DYN.LE00.IN","54.439","55.634","56.671","57.844","58.983","60.019","60.998","61.972","62.946","63.923","64.824","65.618","66.422","67.14","67.769","68.328","68.704","69.121","69.309","69.584","70.478","70.73","71.023","71.296","71.502","71.656","71.95","72.352","72.641","72.88","73.144","73.378","73.715","73.939","74.131","74.362","74.592","73.904","74.99","75.183","75.404","75.639","75.89","76.142","76.376","76.621","76.816","77.549","77.653","77.781","77.936","78.092","78.064","78.123","78.407","78.644","78.86","79.047","79.184","79.282","76.989","76.463","",
"Andorra","AND","Esperanza de vida al nacer, total (años)","SP.DYN.LE00.IN","","","","","","","","","","","","","","","","","","","","","","","","","","","","","","","","","","","","","","","","","","","","","","","","","","","","","","","","","","","","","","","",
"El mundo árabe","ARB","Esperanza de vida al nacer, total (años)","SP.DYN.LE00.IN","44.9728986516699","45.6764014974966","46.1225758452874","46.9724717064668","47.8957584564187","48.2321074069176","48.4570727765873","48.9129111912359","49.4451195213097","49.8222358235972","50.3513431813729","51.2964239316846","51.8644579883301","52.5396833939872","53.1944445309797","53.7098580176017","54.0475335901867","55.3614703416697","56.1121734938276","56.8262923498942","57.3023723911735","57.6929294718002","58.0547979155265","58.7873684326001","59.4789758770802","60.2157367895158","61.221262328173","61.1697117293025","60.6090252981795","62.4811436568143","62.9279670329527","63.1796143554706","63.4744102104117","64.4583214725986","65.4967268722014","65.3497833303777","65.7184045229791","65.9944194002087","65.8077067945681","66.8767273195947","67.2973312552373","67.6316805976471","67.9355701632582","67.8590028335005","67.8959120441891","68.1626821796793","68.5672496118008","68.9286803660228","69.2864272940476","69.8126377043771","70.0412535714543","70.2615198130023","70.1804605984523","70.1965137101307","70.4926288711295","70.7582222288211","70.9430622781923","71.4295960025113","71.6330166549463","71.8446260250446","70.9233595872331","70.814483021063","",
"Emiratos Árabes Unidos","ARE","Esperanza de vida al nacer, total (años)","SP.DYN.LE00.IN","48.811","49.695","50.686","51.584","52.848","53.985","55.185","56.339","57.54","58.76","60.021","61.211","62.304","63.351","64.338","65.08","65.82","66.514","67.209","67.846","68.53","69.085","69.66","69.949","70.485","70.747","70.964","71.491","71.606","71.757","71.9","72.241","72.306","72.521","72.598","72.695","72.767","72.937","73.066","73.67","74.38","74.636","74.901","76.222","76.453","76.683","76.909","77.129","77.488","78.003","78.334","78.517","78.716","78.853","79.044","79.223","79.335","79.504","79.627","79.726","78.946","78.71","",
"Argentina","ARG","Esperanza de vida al nacer, total (años)","SP.DYN.LE00.IN","63.978","64.36","64.244","64.449","64.363","64.593","64.891","64.992","64.89","64.859","65.589","65.541","65.923","66.323","66.563","67.081","67.228","67.861","68.197","68.491","68.564","68.976","68.937","69.267","69.195","69.651","70.119","70.564","71.052","71.425","71.784","72.319","72.43","72.565","73.172","73.133","73.307","73.09","73.474","73.722","73.926","74.186","74.408","74.08","74.855","75.139","75.433","75.006","75.641","75.936","75.721","76.124","76.467","76.491","76.755","76.76","76.308","76.833","76.999","77.284","75.892","75.39","",
"Armenia","ARM","Esperanza de vida al nacer, total (años)","SP.DYN.LE00.IN","61.431","61.803","62.125","62.223","62.418","62.754","62.945","63.213","63.334","63.656","63.873","64.208","64.535","64.611","64.825","64.962","65.161","65.364","65.701","66.041","66.177","66.579","66.89","67.195","67.507","67.93","68.18","68.095","53.9","68.703","68.821","68.643","68.627","68.841","69.073","69.311","69.783","69.91","70.514","70.257","70.624","70.932","71.018","71.436","71.421","71.792","71.987","72.327","72.398","72.813","73.16","73.305","73.454","73.676","74.058","74.436","74.664","74.906","75.064","75.439","72.173","72.043","",
"Samoa Americana","ASM","Esperanza de vida al nacer, total (años)","SP.DYN.LE00.IN","","","","","","","","","","","","","","","","","","","","","","","","","","","","","","","","","","","","","","","","","","","","","","","","","","","","","","","","","","","","","","","",
"Antigua y Barbuda","ATG","Esperanza de vida al nacer, total (años)","SP.DYN.LE00.IN","61.55","62.363","63.192","64.101","65.058","66.026","66.956","67.859","68.671","69.535","70.058","70.683","71.016","71.349","71.747","71.977","72.359","72.546","72.871","73.035","73.183","73.338","73.458","73.471","73.524","73.566","73.556","73.554","73.53","73.416","73.492","73.435","73.417","73.482","73.591","73.636","73.829","73.96","74.041","74.347","74.606","75.078","75.536","75.478","75.672","75.825","75.765","76.131","76.41","76.669","76.82","77.104","77.35","77.583","77.858","77.913","78.152","78.268","78.511","78.691","78.841","78.497","",
"Australia","AUS","Esperanza de vida al nacer, total (años)","SP.DYN.LE00.IN","70.8170731707317","70.9731707317073","70.9424390243903","70.9117073170732","70.8809756097561","70.850243902439","70.819512195122","70.8692682926829","70.9190243902439","70.9687804878049","71.0185365853659","71.0682926829268","71.4575609756098","71.8468292682927","72.2360975609756","72.6253658536586","73.0146341463415","73.3443902439024","73.6741463414634","74.0039024390244","74.3336585365854","74.6634146341463","74.9048780487805","75.1463414634146","75.3878048780488","75.6292682926829","75.8707317073171","76.1517073170732","76.4326829268293","76.7136585365854","76.9946341463415","77.2756097560976","77.3780487804878","77.8780487804878","77.8780487804878","77.8292682926829","78.0780487804878","78.4804878048781","78.6317073170732","78.9317073170732","79.2341463414634","79.6341463414634","79.9365853658537","80.2390243902439","80.490243902439","80.8414634146341","81.0414634146342","81.2926829268293","81.3951219512195","81.5439024390244","81.6951219512195","81.8951219512195","82.0463414634146","82.1487804878049","82.3","82.4","82.4487804878049","82.5","82.7487804878049","82.9","83.2","83.3","",
"Austria","AUT","Esperanza de vida al nacer, total (años)","SP.DYN.LE00.IN","68.5856097560976","69.5773170731707","69.309512195122","69.4436585365854","69.9219512195122","69.7221951219512","70.0458536585366","69.9178048780488","70.0575609756098","69.8331707317073","69.9146341463415","70.1146341463415","70.4634146341463","71.0146341463415","71.0121951219512","71.1146341463415","71.5658536585366","71.9146341463415","72.0121951219512","72.3121951219512","72.4634146341463","72.8121951219512","72.9609756097561","73.0121951219512","73.6121951219512","73.8146341463415","74.3170731707317","74.7682926829268","75.2170731707317","75.2658536585366","75.5682926829269","75.6170731707317","75.8170731707317","76.0682926829268","76.419512195122","76.6682926829268","76.8707317073171","77.319512195122","77.6707317073171","77.8756097560976","78.1268292682927","78.5756097560976","78.6780487804878","78.6317073170732","79.1804878048781","79.3317073170732","79.8804878048781","80.1804878048781","80.4317073170732","80.3317073170732","80.5804878048781","80.9829268292683","80.9365853658537","81.1365853658537","81.490243902439","81.190243902439","81.6414634146342","81.6439024390244","81.6926829268293","81.8951219512195","81.1926829268293","81.2390243902439","",
"Azerbaiyán","AZE","Esperanza de vida al nacer, total (años)","SP.DYN.LE00.IN","55.837","56.192","56.516","56.898","57.196","57.619","57.672","57.973","58.367","58.599","59.018","59.353","59.803","60.045","60.228","60.337","60.521","60.627","60.713","60.867","61.081","61.291","61.447","61.96","61.956","62.093","62.194","62.569","62.729","62.582","62.352","62.052","61.296","61.286","61.594","62.305","62.622","62.973","63.561","64.189","64.891","65.51","66.239","66.756","67.346","67.562","68.165","68.603","68.811","69.356","69.529","69.984","70.36","70.881","71.116","71.451","72.004","72.248","72.76","73.102","66.868","69.366","",
"Burundi","BDI","Esperanza de vida al nacer, total (años)","SP.DYN.LE00.IN","43.024","43.252","43.441","43.718","43.974","42.005","43.531","43.341","43.378","42.874","43.041","42.965","25.613","37.275","43.012","42.982","43.144","43.513","43.764","44.59","45.406","46.393","47.29","48.051","48.491","48.541","48.164","47.516","43.04","45.62","44.86","44.227","43.895","37.105","44.08","44.059","44.373","45.387","46.552","47.528","47.514","48.431","49.891","50.857","52.01","53.023","53.869","54.727","55.71","56.388","57.081","57.769","58.493","59.235","59.868","60.217","60.793","61.553","61.688","62.351","61.566","61.663","",
"Bélgica","BEL","Esperanza de vida al nacer, total (años)","SP.DYN.LE00.IN","69.7019512195122","70.5209756097561","70.219512195122","70.0514634146342","70.7551219512195","70.6253658536586","70.7063414634146","71.0129268292683","70.6931707317073","70.7648780487805","70.9719512195122","71.0604878048781","71.4051219512195","71.6353658536586","71.9858536585366","71.9712195121951","72.119756097561","72.7739024390244","72.6980487804878","73.1936585365854","73.2070731707317","73.6217073170732","73.8880487804878","73.8690243902439","74.4048780487805","74.520243902439","74.7317073170732","75.3658536585366","75.5658536585366","75.6326829268293","76.0519512195122","76.1921951219512","76.3512195121951","76.3453658536585","76.6917073170732","76.8407317073171","77.1873170731707","77.3707317073171","77.4731707317073","77.619512195122","77.7219512195122","77.9731707317073","78.0756097560976","78.1292682926829","78.8780487804878","78.9804878048781","79.380487804878","79.7829268292683","79.6804878048781","80.0341463414634","80.1829268292683","80.5853658536585","80.3853658536585","80.5878048780488","81.2878048780488","80.9926829268293","81.4390243902439","81.4926829268293","81.5951219512195","81.9951219512195","80.6951219512195","81.890243902439","",
"Benin","BEN","Esperanza de vida al nacer, total (años)","SP.DYN.LE00.IN","38.181","38.542","38.928","39.334","39.758","40.184","40.648","41.055","41.522","41.849","42.189","42.581","43.158","43.596","44.085","44.681","45.488","46.176","46.961","47.362","47.877","48.31","48.813","49.333","49.747","50.374","51.075","51.659","52.294","52.684","53.292","53.624","54.089","54.537","54.91","55.295","55.558","55.978","56.218","56.526","56.578","56.66","56.606","56.738","56.826","57.125","57.456","57.675","57.869","57.956","58.363","58.462","58.716","58.965","59.125","59.377","59.539","59.856","60.14","60.454","60.088","59.821","",
"Burkina Faso","BFA","Esperanza de vida al nacer, total (años)","SP.DYN.LE00.IN","35.872","36.24","36.665","36.974","37.251","37.691","37.916","38.294","38.531","38.857","39.239","39.559","40.053","40.548","41.354","42.307","43.245","44.147","45.073","45.903","46.539","46.872","47.602","48.091","48.638","48.949","49.013","49.058","49.132","49.174","49.44","49.45","49.437","49.209","49.307","49.446","49.614","49.4","49.991","50.325","50.847","51.071","51.272","51.793","52.416","53.092","53.742","54.375","55.342","55.959","56.477","57.125","57.619","57.823","58.359","58.845","59.326","59.536","60.047","60.039","59.731","59.27","",
"Bangladesh","BGD","Esperanza de vida al nacer, total (años)","SP.DYN.LE00.IN","44.74","45.662","46.701","46.655","47.741","46.858","48.577","48.865","49.09","49.172","42.587","25.996","49.591","49.828","49.16","50.292","50.647","51.197","51.254","51.464","51.85","52.169","52.54","53.011","53.54","53.897","54.415","54.926","55.027","55.089","55.989","54.154","57.635","57.927","58.617","59.467","59.492","61.427","63.917","66.228","65.779","66.135","66.612","66.824","67.187","67.299","67.241","66.714","67.051","67.403","68.638","68.809","69.554","69.565","69.986","70.491","71.09","71.788","72.567","72.806","71.968","72.381","",
"Bulgaria","BGR","Esperanza de vida al nacer, total (años)","SP.DYN.LE00.IN","69.2475609756098","70.1956097560976","69.4919512195122","70.3092682926829","71.1212195121951","71.2939024390244","71.2234146341464","70.4139024390244","71.2251219512195","70.43","71.2563414634146","70.8736585365854","70.899512195122","71.3421951219512","71.2080487804878","71.049756097561","71.3948780487805","70.8160975609756","71.1846341463415","71.3082926829268","71.1575609756098","71.5719512195122","71.1860975609756","71.3863414634146","71.499756097561","71.2280487804878","71.7307317073171","71.5268292682927","71.6043902439024","71.7224390243903","71.6414634146342","71.5609756097561","71.4943902439024","71.3468292682927","71.2087804878049","71.0534146341463","70.8973170731707","70.3512195121951","71.0609756097561","71.4121951219512","71.6634146341463","71.7682926829268","71.8658536585366","72.0658536585366","72.5634146341463","72.5609756097561","72.6121951219512","72.6634146341463","72.9634146341463","73.4121951219512","73.5121951219512","74.1634146341463","74.3146341463415","74.8609756097561","74.4658536585366","74.6146341463415","74.8121951219512","74.8146341463415","74.9634146341464","75.1121951219512","73.6585365853659","71.5146341463415","",
"Bahrein","BHR","Esperanza de vida al nacer, total (años)","SP.DYN.LE00.IN","50.33","52.112","53.697","55.285","56.778","58.228","59.656","61.002","62.31","63.475","64.45","65.607","66.373","67.183","67.864","68.466","69.118","69.604","69.978","70.456","70.826","71.183","71.47","71.668","72.012","72.106","72.269","72.369","72.444","72.619","72.668","72.764","72.953","73.375","73.517","73.799","74.355","74.535","74.641","74.98","75.496","75.908","76.088","76.337","76.56","76.931","77.156","77.634","78.084","78.461","78.748","78.89","79.081","79.246","79.328","79.405","79.557","79.689","79.857","80.019","79.174","78.76","",
"Bahamas","BHS","Esperanza de vida al nacer, total (años)","SP.DYN.LE00.IN","62.896","63.185","63.433","63.732","64.05","64.362","64.659","64.948","65.328","65.646","65.926","66.151","66.413","66.488","67.001","67.221","67.84","67.88","67.562","67.366","67.521","67.746","68.436","69.161","69.351","69.257","69.285","68.924","69.215","69.598","70.133","69.616","70.668","70.656","70.851","70.763","70.71","71.054","71.456","71.771","72.041","72.11","72.232","72.402","72.478","72.765","72.855","72.678","72.667","72.579","72.731","72.564","72.753","73.024","73.366","73.104","73.537","73.632","73.806","71.205","72.677","71.598","",
"Bosnia y Herzegovina","BIH","Esperanza de vida al nacer, total (años)","SP.DYN.LE00.IN","61.037","61.856","62.511","63.274","63.948","64.555","65.171","65.553","65.883","66.2","66.688","67.163","67.672","68.216","68.862","69.405","69.648","70.041","70.132","70.34","70.543","70.7","70.875","71.081","71.036","70.799","71.239","71.676","71.755","71.781","72.349","72.089","51.785","51.519","67.209","70.284","73.43","73.686","73.901","75.076","74.496","75.06","74.612","75.782","76.133","75.42","76.247","76.161","76.838","76.976","77.073","77.007","77.191","76.33","75.659","76.182","76.808","76.935","77.093","77.241","76.225","75.3","",
"Belarús","BLR","Esperanza de vida al nacer, total (años)","SP.DYN.LE00.IN","69.2546097560976","69.7383902439024","69.4623170731708","69.7097804878049","70.619243902439","70.5974878048781","70.7689268292683","70.9297804878049","70.8127804878049","70.9780243902439","70.7444878048781","71.0117073170732","70.8493170731708","71.0006585365854","70.8546829268293","70.4570975609756","70.3968292682927","70.2890243902439","70.0817317073171","69.9336341463415","69.9277073170732","69.907512195122","70.0769024390244","69.7948536585366","69.5631951219512","70.9926829268293","71.549512195122","70.990243902439","71.3414634146341","71.4829268292683","70.8365853658537","70.3780487804878","70.0219512195122","68.9707317073171","68.7682926829268","68.4609756097561","68.5121951219512","68.4609756097561","68.4073170731707","67.9073170731707","68.9121951219512","68.5073170731707","68.0560975609756","68.5536585365854","68.9560975609756","68.8512195121951","69.4048780487805","70.2073170731707","70.4560975609756","70.4073170731707","70.4048780487805","70.5536585365854","71.9658536585366","72.4707317073171","72.9707317073171","73.6243902439025","73.8268292682927","74.1292682926829","74.1756097560976","74.2268292682927","72.4572195121951","72.3706829268293","",
"Belice","BLZ","Esperanza de vida al nacer, total (años)","SP.DYN.LE00.IN","58.163","53.356","59","59.569","60.057","60.629","60.963","61.5","62.192","62.77","63.468","64.204","64.453","64.622","65.03","65.942","66.268","66.518","66.885","67.399","67.756","68.068","67.955","68.14","68.64","69.462","69.704","70.198","70.781","70.724","70.744","70.248","69.979","69.988","70.316","69.887","69.806","69.212","68.599","68.773","68.564","68.357","68.752","68.909","69.227","69.376","70.093","70.655","71.151","71.819","72.272","72.651","73.245","73.666","73.311","73.187","73.399","73.562","73.703","73.931","72.854","70.47","",
"Bermudas","BMU","Esperanza de vida al nacer, total (años)","SP.DYN.LE00.IN","67.162","64.111","63.837","63.778","67.641","67.848","63.426","68.358","68.535","68.211","69.478","68.502","69.961","71.888","72.394","72.573","71.862","72.083","72.854","73.299","73.454","73.684","73.746","74.116","74.526","73.337","73.428","73.996","74.91","74.269","74.5","74.886","73.8","74.487","73.608","76.137","78.225","77.995","79.949","79.053","78.858","79.871","80.631","79.345","81.12","77.927","77.585","79.361","78.623","79.996","80.499","81.403","81.272","79.992","79.518","80.918","80.608","82.351","80.825","81.033","81.136","79.28","",
"Bolivia","BOL","Esperanza de vida al nacer, total (años)","SP.DYN.LE00.IN","43.1","43.4","43.791","44.077","44.366","44.712","45.118","45.419","45.796","46.215","46.597","47.061","47.497","47.975","48.446","48.826","49.264","49.734","50.181","50.665","51.181","51.619","52.053","52.405","52.971","53.446","53.929","54.492","55.156","55.772","56.422","57.097","57.629","58.418","58.989","59.534","60.084","60.752","61.332","61.871","62.346","62.843","63.306","63.635","64.004","64.386","64.779","65.027","65.446","65.88","66.162","66.534","66.705","67.021","67.163","67.318","67.628","67.701","67.748","67.841","64.467","63.63","",
"Brasil","BRA","Esperanza de vida al nacer, total (años)","SP.DYN.LE00.IN","52.66","53.183","53.71","54.209","54.648","55.084","55.473","55.868","56.31","56.748","57.171","57.586","58.032","58.472","58.881","59.353","59.792","60.24","60.72","61.253","61.781","62.333","62.856","63.331","63.773","64.198","64.64","65.08","65.454","65.868","65.985","66.31","66.708","67.109","67.568","67.919","68.409","68.813","69.189","69.524","69.737","70.195","70.41","70.72","71.131","71.753","72.037","72.365","72.715","72.948","73.182","73.343","73.552","73.918","74.306","74.332","74.442","74.827","75.109","75.338","74.009","72.75","",
"Barbados","BRB","Esperanza de vida al nacer, total (años)","SP.DYN.LE00.IN","64.564","65.318","65.897","66.487","67.02","67.376","67.805","67.944","68.114","68.44","68.272","68.598","68.929","69.167","69.519","69.921","70.208","70.719","71.122","71.526","71.921","72.12","72.297","72.537","72.596","72.495","72.568","72.675","72.652","72.74","72.752","72.843","72.915","73.19","73.211","73.298","73.546","73.547","73.728","74.039","74.089","74.247","74.366","74.472","74.727","74.89","75.068","75.342","75.447","75.678","75.712","75.917","76.099","76.275","76.476","76.65","76.815","76.936","77.067","77.257","77.393","77.571","",
"Brunei Darussalam","BRN","Esperanza de vida al nacer, total (años)","SP.DYN.LE00.IN","56.793","57.817","57.667","59.779","60.582","61.193","61.963","62.511","63.005","63.553","64.11","64.699","65.35","65.963","66.528","67.107","67.608","68.075","68.487","68.862","69.246","69.54","69.841","70.09","70.358","70.582","70.847","71.019","71.236","71.445","71.656","71.871","72.081","72.312","72.553","72.816","73.1","73.364","73.619","73.863","74.08","74.276","74.426","74.561","74.65","74.731","74.783","74.818","74.84","74.846","74.849","74.858","74.827","74.799","74.779","74.75","74.733","74.722","74.712","74.748","74.795","74.642","",
"Bhután","BTN","Esperanza de vida al nacer, total (años)","SP.DYN.LE00.IN","33.465","33.946","34.469","35.029","35.618","36.24","36.901","37.584","38.266","39.127","39.953","40.753","41.586","42.451","43.265","44.09","44.947","45.789","46.599","47.411","48.218","49.034","49.853","50.637","51.4","52.118","52.919","53.72","54.513","55.261","55.968","56.642","57.423","58.117","58.635","59.516","60.212","60.852","61.549","62.23","62.01","63.444","64.078","64.696","65.268","65.805","66.362","66.954","67.499","67.897","68.43","68.881","69.326","69.707","70.049","70.343","70.602","70.847","71.129","71.391","71.609","71.815","",
"Botswana","BWA","Esperanza de vida al nacer, total (años)","SP.DYN.LE00.IN","50.372","50.891","51.389","51.881","52.349","52.809","53.264","53.721","54.188","54.684","55.197","55.745","56.3","56.861","57.424","57.998","58.583","59.169","59.691","60.176","60.646","61.125","61.57","62.004","62.364","62.626","62.678","62.522","61.755","61.427","60.533","59.473","58.348","57.719","56.154","55.059","54.357","53.448","52.523","51.694","51.011","50.676","50.632","50.947","51.617","52.61","53.918","55.732","57.121","58.279","60.013","60.53","60.8","61.996","62.608","63.818","65.464","66.753","65.422","65.464","65.647","61.141","",
"República Centroafricana","CAF","Esperanza de vida al nacer, total (años)","SP.DYN.LE00.IN","39.236","39.737","40.256","40.781","41.345","41.929","42.531","43.158","43.797","44.442","45.072","45.688","46.294","46.854","47.402","47.913","48.395","48.838","49.239","49.597","49.889","50.159","50.303","50.423","50.484","50.518","50.492","50.409","50.241","49.986","49.635","49.252","48.793","48.353","47.853","47.35","46.831","46.319","46.025","45.75","45.406","45.393","45.409","45.76","46.038","46.433","46.851","47.426","48.016","48.648","49.255","49.948","50.686","50.902","50.566","52.793","53.46","53.721","54.369","55.025","54.604","53.895","",
"Canadá","CAN","Esperanza de vida al nacer, total (años)","SP.DYN.LE00.IN","71.1331707317073","71.3460975609756","71.3670731707317","71.3807317073171","71.7763414634146","71.8721951219512","72.0043902439024","72.2078048780488","72.3534146341463","72.5014634146341","72.7004878048781","73.0292682926829","72.9339024390244","73.1626829268293","73.2375609756098","73.5217073170732","73.8560975609756","74.2156097560976","74.529756097561","74.8663414634146","75.1021951219512","75.4978048780488","75.7251219512195","76.0604878048781","76.3319512195122","76.3273170731707","76.4639024390244","76.7787804878049","76.8587804878049","77.1248780487805","77.4365853658537","77.5934146341464","77.8380487804878","77.7048780487805","77.8717073170732","77.9773170731707","78.220243902439","78.4124390243903","78.6236585365854","78.8390243902439","79.1668292682927","79.3980487804878","79.5307317073171","79.7151219512195","79.9921951219512","80.1126829268293","80.5436585365854","80.5436585365854","80.7246341463415","81.0660975609756","81.3221951219512","81.4826829268293","81.6636585365854","81.7448780487805","81.7843902439025","81.8156097560976","81.9248780487805","81.8329268292683","81.8439024390244","82.2287804878049","81.6704878048781","82.5966097560976","",
"Europa Central y del Báltico","CEB","Esperanza de vida al nacer, total (años)","SP.DYN.LE00.IN","67.9339519629045","68.2359322349445","67.6901619835113","68.6740026282383","69.1702269896561","69.3234595907427","69.8234553673133","69.3242744755165","69.5551095617349","69.0547392575317","69.3304152082525","69.5014811371977","69.9606341578404","70.1002774522687","70.3520863206519","70.175972670731","70.3205898664644","70.2459730644075","70.1446657622575","70.2477610926432","69.888984623612","70.3720501777774","70.4554733187317","70.3897851694296","70.3491148561342","70.3128834663237","70.5651360397443","70.6117633312342","70.861708225052","70.7319722597485","70.6563313372586","70.5752213034774","70.7328371314157","70.8459866151448","70.8695439447473","71.0254214282891","71.3360580189951","71.5172580696822","71.8982376759956","72.1845610740875","72.719724722779","73.0961481937343","73.2424154880921","73.3822527825258","73.7304349327381","73.8449951359211","74.0926027308098","74.2506487210768","74.5759526780779","74.9303639266576","75.2939657786314","75.8884748834282","75.993488603453","76.3551629869808","76.6756236113045","76.5718777647788","76.9698114171911","76.9474426395729","76.9768226818402","77.2668446661451","76.087716844628","74.9324135685624","",
"Suiza","CHE","Esperanza de vida al nacer, total (años)","SP.DYN.LE00.IN","71.3134146341463","71.6448780487805","71.1960975609756","71.1875609756098","72.0778048780488","72.2017073170732","72.3356097560976","72.6365853658537","72.590243902439","72.6126829268293","73.020243902439","73.1307317073171","73.6443902439024","73.9409756097561","74.2870731707317","74.6656097560976","74.7853658536585","75.2380487804878","75.1873170731707","75.4660975609756","75.4592682926829","75.6931707317073","76.0339024390244","76.0312195121951","76.6085365853659","76.7336585365854","76.8990243902439","77.1975609756098","77.2265853658537","77.4212195121951","77.2424390243902","77.5146341463415","77.8060975609756","78.0853658536586","78.35","78.4170731707317","78.8960975609756","79.079512195122","79.3243902439025","79.580487804878","79.6804878048781","80.1804878048781","80.3853658536585","80.5365853658537","81.0878048780488","81.2365853658537","81.490243902439","81.7414634146342","81.9926829268293","82.0439024390244","82.2463414634147","82.6951219512195","82.6975609756098","82.7975609756098","83.1975609756098","82.8975609756098","83.6024390243903","83.5512195121951","83.7536585365854","83.9048780487805","83","83.8512195121951","",
"Islas del Canal","CHI","Esperanza de vida al nacer, total (años)","SP.DYN.LE00.IN","71.47","69.747","72.043","70.305","72.476","72.031","72.366","73.235","71.206","71.508","71.165","71.685","71.868","72.148","72.237","71.651","72.57","72.833","73.211","72.509","73.428","73.858","74.87","74.041","76.076","75.266","75.616","76.623","77.045","77.211","77.185","76.617","78.125","76.547","78.005","77.749","77.962","78.211","78.898","78.935","79.155","79.277","78.906","79.618","80.125","80.344","80.694","81.166","81.317","80.995","81.12","81.726","81.339","81.516","81.884","81.433","81.366","81.331","81.375","81.39","81.264","81.232","",
"Chile","CHL","Esperanza de vida al nacer, total (años)","SP.DYN.LE00.IN","57.015","57.537","57.771","57.15","58.738","59.455","59.689","60.72","61.63","61.905","62.491","62.732","62.281","63.905","64.901","66.279","65.855","67.402","68.074","68.186","68.84","69.909","70.299","70.011","70.46","71.176","71.81","72.54","72.456","72.467","72.574","73.574","74.135","74.195","74.614","74.609","74.899","75.596","75.669","76.018","76.87","76.773","77.445","77.387","77.616","78.016","78.261","77.826","78.484","78.741","78.501","79.11","79.023","79.339","79.473","79.746","80.079","80.35","80.133","80.326","79.377","78.944","",
"China","CHN","Esperanza de vida al nacer, total (años)","SP.DYN.LE00.IN","33.275","40.468","50.818","51.408","52.156","52.912","53.637","54.351","55.057","55.738","56.607","57.565","58.418","59.389","60.168","60.917","61.796","62.538","63.218","63.865","64.42","64.975","65.463","65.904","66.3","66.643","66.97","67.288","67.581","67.838","68.005","68.169","68.734","69.216","69.52","70.008","70.266","70.672","71.172","71.419","71.881","72.606","72.985","73.371","73.748","74.111","74.504","74.762","74.872","75.343","75.599","75.903","76.192","76.452","76.717","76.977","77.218","77.248","77.744","77.968","78.077","78.211","",
"Côte d'Ivoire","CIV","Esperanza de vida al nacer, total (años)","SP.DYN.LE00.IN","38.108","38.744","39.402","39.955","40.606","41.177","41.819","42.419","43.021","43.643","44.325","44.992","45.724","46.556","47.506","48.346","49.291","50.184","50.927","51.682","52.27","52.734","52.919","53.171","53.037","53.174","53.202","53.187","53.017","52.876","52.603","52.323","52.138","51.925","51.737","51.61","51.52","51.449","51.108","50.957","50.842","50.81","50.886","50.954","51.363","51.824","52.355","52.97","53.653","54.394","55.023","55.52","56.158","56.748","57.208","57.762","58.06","58.48","58.849","59.319","59.032","58.598","",
"Camerún","CMR","Esperanza de vida al nacer, total (años)","SP.DYN.LE00.IN","34.819","35.406","42.516","42.918","43.31","43.889","44.436","45.176","45.978","46.821","47.583","48.251","48.9","49.324","49.571","49.718","49.88","49.995","50.28","50.575","51.041","51.517","52.085","52.762","53.22","53.899","54.037","54.724","54.934","54.947","54.868","54.658","54.481","54.062","53.528","53.222","52.82","52.737","52.582","52.695","52.932","53.142","53.415","53.883","54.178","54.362","54.856","55.165","55.655","56.102","56.582","57.133","57.792","58.476","58.935","59.658","60.233","60.81","61.18","61.584","60.833","60.333","",
"Congo, República Democrática del","COD","Esperanza de vida al nacer, total (años)","SP.DYN.LE00.IN","40.857","40.239","40.342","40.604","40.052","40.704","42.053","42.31","42.705","42.976","43.284","43.656","43.933","44.096","44.41","44.471","44.656","44.763","44.537","45.207","45.473","45.72","45.92","46.181","46.445","46.624","46.914","47.336","47.768","48.17","48.601","48.948","49.244","49.551","49.884","50.411","49.307","50.402","49.696","49.945","51.781","52.116","52.333","52.827","53.426","53.927","54.534","54.923","55.339","55.836","56.417","57.069","57.248","57.762","58.296","58.49","59.066","59.411","59.942","60.276","59.739","59.193","",
"Congo, República del","COG","Esperanza de vida al nacer, total (años)","SP.DYN.LE00.IN","47.979","48.697","49.499","50.118","50.696","51.2","51.774","52.101","52.715","53.195","53.634","54.043","54.36","54.7","55.059","55.323","55.602","55.806","56.065","56.314","56.593","56.827","57.019","57.232","57.453","57.517","57.552","57.431","57.009","56.513","55.926","55.243","54.663","54.146","53.738","53.644","53.491","47.19","50.894","52.757","53.682","54.395","55.088","55.948","56.986","58.126","58.878","59.643","60.426","61.088","61.683","61.992","62.317","62.695","62.95","63.233","63.577","63.76","64.053","62.747","63.785","63.519","",
"Colombia","COL","Esperanza de vida al nacer, total (años)","SP.DYN.LE00.IN","57.13","57.73","58.301","58.892","59.375","59.815","60.204","60.531","60.871","61.216","61.569","62.051","62.569","63.06","63.64","64.27","64.845","65.424","65.954","66.38","66.868","67.197","67.531","67.745","67.979","66.276","68.26","68.268","68.391","68.533","68.644","68.813","69.038","69.342","69.613","69.933","70.189","70.492","70.738","70.926","71.32","71.502","71.939","72.361","72.695","73.081","73.468","73.837","74.295","74.742","75.033","75.32","75.597","75.827","76.043","76.257","76.471","76.646","76.748","76.752","74.769","72.83","",
"Comoras","COM","Esperanza de vida al nacer, total (años)","SP.DYN.LE00.IN","39.694","40.147","40.58","40.926","41.25","41.7","42.147","42.754","43.462","44.158","44.863","45.581","46.305","46.881","47.474","46.628","48.523","49.047","49.67","50.251","50.8","51.312","51.895","52.273","52.941","53.482","54.029","54.368","54.95","55.224","55.84","56.194","56.733","57.276","57.694","58.015","58.344","58.39","58.407","58.781","58.757","59.163","59.056","59.258","59.48","59.604","59.875","60.102","60.475","60.831","61.123","61.503","61.834","62.224","62.516","62.896","63.237","63.625","63.912","64.068","64.166","63.417","",
"Cabo Verde","CPV","Esperanza de vida al nacer, total (años)","SP.DYN.LE00.IN","49.411","49.953","50.392","50.894","51.345","51.808","52.356","52.722","53.176","53.736","54.333","54.813","55.309","56.008","56.837","57.89","58.65","59.568","60.306","60.917","61.368","61.593","61.67","61.693","61.661","62.182","62.747","63.404","64.058","64.446","65.023","65.176","65.318","65.312","65.25","64.093","65.763","66.378","66.993","67.569","68.618","69.929","70.705","71.429","71.999","72.68","72.239","72.835","72.508","73.088","73.499","74.257","74.484","75.059","75.24","74.62","75.742","76.593","75.733","76.004","74.808","74.052","",
"Costa Rica","CRI","Esperanza de vida al nacer, total (años)","SP.DYN.LE00.IN","60.415","60.901","61.111","61.624","62.083","62.663","63.367","63.921","64.428","65.016","65.361","66.301","66.716","67.953","68.454","69.4","70.294","71.288","72.239","72.423","72.899","73.799","74.654","75.079","75.091","75.111","75.505","75.741","76.106","76.263","76.63","76.591","76.627","76.703","76.67","76.552","76.804","77.07","76.896","77.138","77.586","77.545","77.983","78.072","78.331","78.505","78.514","78.462","78.445","78.672","78.67","79.348","79.283","79.403","78.774","79.086","79.459","79.377","79.484","79.427","79.277","77.023","",
"Estados pequeos del Caribe","CSS","Esperanza de vida al nacer, total (años)","SP.DYN.LE00.IN","61.829493973711","62.0686652717646","62.601166766596","63.1671602275121","63.592163997326","63.9101565214648","64.2182657850985","64.4715914762074","64.4958258453854","64.6344541592852","64.9266123110709","65.0553421967421","65.1980416494763","65.5670311623625","66.0673509532834","66.2559831477977","66.3921327941911","66.5772206527745","66.9108096254166","67.1658505989521","67.3778364238777","67.672228321317","67.9139094715839","67.982749428465","68.1145399669402","68.2491446202987","68.5246350379081","68.7840502700676","69.0064175799461","69.3286435748357","69.431404933709","69.5491579780903","69.5525009368653","69.6402500897809","69.5696151362943","69.6092698748971","69.5756427804434","69.4272102235293","69.497329020685","69.3912801233712","69.6093331607451","69.7013628300102","69.9700669387854","69.7958451987249","70.2253181574919","70.4823358902952","70.7006903460939","71.0279716427937","71.1774694310625","71.8319070972568","72.0186893303779","72.3584611359135","72.6407031919612","72.7209084798744","72.6808769061992","72.6102636224113","72.5605216960906","72.6008945750841","72.5836868696142","72.5234099538234","72.5792038787508","70.9962586746614","",
"Cuba","CUB","Esperanza de vida al nacer, total (años)","SP.DYN.LE00.IN","64.173","64.512","65.038","64.94","65.905","66.318","66.715","67.11","67.511","67.936","68.398","68.918","69.462","70.02","70.57","71.079","71.524","71.895","72.201","72.447","72.752","72.939","73.13","73.309","73.468","73.605","73.725","73.825","73.913","73.981","74.039","74.093","74.162","74.261","74.411","74.623","74.903","75.222","75.564","75.893","76.183","76.421","76.612","76.773","76.912","77.047","77.179","77.307","77.429","77.548","77.661","77.76","77.833","77.87","77.853","77.772","77.643","77.529","77.496","77.611","77.567","73.683","",
"Curacao","CUW","Esperanza de vida al nacer, total (años)","SP.DYN.LE00.IN","65.7780243902439","65.9092926829268","66.1990243902439","66.4743170731708","66.6675853658537","66.9062195121951","67.1986097560976","67.4914878048781","67.6584390243903","67.9443170731707","68.2781463414634","68.4608536585366","68.7903658536585","69.1921951219512","69.5290243902439","69.6485365853659","70.0280731707317","70.1549512195122","70.4453414634146","70.7440975609756","70.8946829268293","71.0241463414634","71.1478780487805","71.2760975609756","71.3399268292683","71.626756097561","71.7439756097561","71.9510487804878","72.0428048780488","71.9486585365854","72.2503902439024","72.3497073170732","72.4180731707317","72.4980731707317","72.5900731707317","72.6013414634146","72.6928292682927","72.7533658536586","72.8583170731707","72.9375609756098","73.0339512195122","73.110756097561","73.2115365853659","73.353512195122","73.4289268292683","73.5657073170732","74.709756097561","75.3634146341464","75.309756097561","76.1560975609756","","77.4731707317073","77.5243902439024","77.8268292682927","77.9756097560976","78.0756097560976","77.719512195122","78.0170731707317","","","","","",
"Islas Caimán","CYM","Esperanza de vida al nacer, total (años)","SP.DYN.LE00.IN","","","","","","","","","","","","","","","","","","","","","","","","","","","","","","","","","","","","","","","","","","","","","","","","","","","82.190243902439","","","","","","","","","","","","",
"Chipre","CYP","Esperanza de vida al nacer, total (años)","SP.DYN.LE00.IN","64.187","64.804","65.424","62.282","62.79","67.052","67.495","67.917","68.273","68.49","68.927","69.33","69.811","70.163","55.23","70.518","71.04","71.302","71.767","71.895","71.95","71.941","71.981","72.311","72.255","72.647","72.651","73.089","73.129","73.48","73.539","73.716","74.177","74.65","74.72","75.133","75.522","75.841","76.182","76.295","76.568","76.989","77.487","77.788","77.944","78.101","78.371","78.81","78.981","79.401","79.665","79.999","80.109","80.402","80.771","80.966","81.056","81.328","81.382","81.397","81.391","81.203","",
"República Checa","CZE","Esperanza de vida al nacer, total (años)","SP.DYN.LE00.IN","70.3487804878049","70.5126829268293","69.7868292682927","70.3043902439025","70.459512195122","70.1631707317073","70.3848780487805","70.2641463414634","69.8407317073171","69.3670731707317","69.440243902439","69.6770731707317","70.1765853658537","70.0226829268293","70.0865853658537","70.4146341463415","70.5326829268293","70.5734146341463","70.6439024390244","70.749512195122","70.2780487804878","70.7221951219512","70.8078048780488","70.5914634146341","70.8375609756098","71.0463414634146","70.9973170731707","71.4456097560976","71.6414634146342","71.6756097560976","71.3839024390244","71.8982926829268","72.2717073170732","72.7678048780488","72.9726829268293","73.0748780487805","73.7146341463415","73.8248780487805","74.5146341463415","74.6682926829268","74.9682926829268","75.1731707317073","75.2219512195122","75.1707317073171","75.7219512195122","75.9243902439025","76.5243902439024","76.7243902439025","76.9756097560976","77.0780487804878","77.4243902439025","77.8731707317073","78.0756097560976","78.1756097560976","78.8243902439024","78.5780487804878","79.0268292682927","78.9780487804878","79.0292682926829","79.2292682926829","78.2268292682927","77.3731707317073","",
"Alemania","DEU","Esperanza de vida al nacer, total (años)","SP.DYN.LE00.IN","69.0640731707317","69.6448780487805","69.7992195121951","69.9140731707317","70.4355609756098","70.4103658536585","70.5215853658537","70.7317317073171","70.3784634146342","70.2288048780488","70.4471951219512","70.676756097561","70.9067073170732","71.1128048780488","71.4189268292683","71.259243902439","71.7122195121951","72.3073170731707","72.2904146341464","72.6301707317073","72.8003170731707","73.0402195121951","73.3331463414634","73.6221463414634","74.0722926829268","74.1890975609756","74.3968292682927","74.8070243902439","74.9987317073171","75.1915365853659","75.0856341463415","75.319512195122","75.819512195122","75.8707317073171","76.2707317073171","76.4219512195122","76.6731707317073","77.0731707317073","77.4756097560976","77.7268292682927","77.9268292682927","78.3292682926829","78.2292682926829","78.3804878048781","78.6804878048781","78.9317073170732","79.1317073170732","79.5341463414634","79.7365853658537","79.8365853658537","79.9878048780488","80.4365853658537","80.5390243902439","80.490243902439","81.090243902439","80.6414634146341","80.990243902439","80.9926829268293","80.8926829268293","81.2926829268293","81.0414634146342","80.9009756097561","",
"Djibouti","DJI","Esperanza de vida al nacer, total (años)","SP.DYN.LE00.IN","43.429","43.721","44.088","44.414","44.667","45.088","45.474","45.907","46.438","46.982","47.511","47.358","48.528","49.119","49.524","49.87","50.058","50.568","51.049","51.518","51.947","52.262","52.765","53.18","53.703","54.067","54.481","54.775","55.161","55.273","55.498","55.156","54.452","55.774","55.505","56.302","56.186","55.967","56.176","56.427","56.573","56.903","57.215","57.595","57.759","58.316","58.715","59.024","59.365","59.673","60.259","60.433","60.848","61.221","61.641","61.957","62.191","62.797","63.038","63.085","62.694","62.305","",
"Dominica","DMA","Esperanza de vida al nacer, total (años)","SP.DYN.LE00.IN","59.026","59.949","61.741","58.688","64.493","64.587","63.49","65.005","64.416","63.698","65.468","64.335","67.11","68.049","68.785","69.171","68.985","68.759","70.441","70.97","71.782","73.232","72.993","73.521","72.022","71.255","71.322","70.858","71.364","69.553","69.852","69.646","70.282","70.937","71.076","71.52","71.194","71.634","71.472","70.631","72.693","71.713","72.34","71.438","72.401","72.254","72.848","71.93","73.305","72.17","71.55","69.695","70.538","68.896","69.434","68.727","70.128","67.525","73.59","73.559","73.649","72.814","",
"Dinamarca","DNK","Esperanza de vida al nacer, total (años)","SP.DYN.LE00.IN","72.1765853658537","72.4382926829268","72.319756097561","72.4004878048781","72.4851219512195","72.3707317073171","72.4441463414634","72.9221951219512","73.1214634146341","73.2209756097561","73.3434146341463","73.4146341463415","73.4390243902439","73.6821951219512","73.8082926829268","74.0751219512195","73.739756097561","74.6324390243903","74.3929268292683","74.2192682926829","74.1017073170732","74.2304878048781","74.5512195121951","74.4204878048781","74.5621951219512","74.4275609756098","74.579756097561","74.6912195121951","74.7717073170732","74.799756097561","74.8053658536585","75.1578048780488","75.1941463414634","75.1168292682927","75.3751219512195","75.2126829268293","75.5914634146342","75.9451219512195","76.1390243902439","76.3414634146341","76.5926829268293","76.7926829268293","76.8951219512195","77.1439024390244","77.4926829268293","77.8439024390244","78.0951219512195","78.1951219512195","78.4463414634146","78.5975609756098","79.1","79.8","80.0512195121951","80.3","80.7","80.7024390243902","80.8536585365854","81.1024390243903","80.9536585365854","81.4512195121951","81.6024390243903","81.4048780487805","",
"República Dominicana","DOM","Esperanza de vida al nacer, total (años)","SP.DYN.LE00.IN","50.264","50.84","51.411","51.799","52.542","50.864","53.666","54.289","54.894","55.513","56.145","56.782","57.417","58.042","58.65","59.236","59.791","60.319","60.822","60.753","61.754","62.194","62.648","63.109","63.602","64.139","64.727","65.339","65.951","66.546","67.11","67.625","68.084","68.472","68.792","68.988","69.097","69.166","69.096","69.279","69.423","69.642","69.923","70.265","70.331","70.875","71.165","71.371","71.658","71.871","72.093","72.221","72.514","72.713","72.867","72.953","72.987","73.063","73.232","73.577","72.889","72.615","",
"Argelia","DZA","Esperanza de vida al nacer, total (años)","SP.DYN.LE00.IN","40.532","40.516","39.323","42.908","42.788","42.714","42.543","42.568","42.642","42.781","43.16","43.67","44.346","45.079","46.034","46.972","47.985","49.191","50.353","51.755","53.261","55.276","57.428","59.51","61.658","63.588","65.159","65.83","66.971","67.085","67.416","67.688","67.757","67.719","67.361","67.454","68.749","69.171","69.451","70.032","70.478","70.823","71.23","71.287","71.762","72.061","72.334","72.602","72.941","73.62","73.808","74.123","74.202","74.615","75.11","75.622","75.732","75.743","76.066","76.474","74.453","76.377","",
"Asia oriental y el Pacífico (excluido altos ingresos)","EAP","Esperanza de vida al nacer, total (años)","SP.DYN.LE00.IN","37.7540701310687","43.3587060486227","51.1277785886162","51.6309614318726","52.359259125247","52.2876255150886","53.4626550121212","54.3375671084418","54.8184252041573","55.5256071848","56.2373750222276","57.089994012552","57.6889051845041","58.644670504466","59.2895569031915","60.0507748256988","60.8855814154324","61.6378963593148","62.2697074695909","62.8867899540415","63.4386095163626","63.939396869837","64.422512918026","64.8434772123686","65.2382495265442","65.6192845007945","65.9668527286659","66.3157795479057","66.5957594080037","66.9193105925246","67.1365879576351","67.3584271101554","67.8799757949844","68.3512714889942","68.6172006988594","68.9151650384637","69.1706053863219","69.5605151397101","69.980208983269","70.1935948923278","70.5648357047778","71.1532923501957","71.5001923568857","71.9485362700451","72.0266088640891","72.5553601545652","72.9065334927173","73.1494608933121","73.0978709648826","73.6496121386241","73.8761728997625","74.1470345834113","74.3957726964409","74.6447464626621","74.9032685695441","75.1230351733186","75.3218632190617","75.3859113160495","75.801433724838","76.0020203002054","75.9360246370322","75.5432912976843","",
"inicial del dividendo demográfico","EAR","Esperanza de vida al nacer, total (años)","SP.DYN.LE00.IN","46.8792437300227","47.3655201006931","47.7895519359472","48.1878701926884","48.6706985975377","47.6796696595786","48.6699929927922","49.3513417355876","50.3995189611392","50.8221165378613","50.7691213667032","50.1738502337691","52.0023680132824","52.4636112501074","52.9234517769777","53.3474414726839","53.884096032353","54.4875249773503","54.9790591559295","55.5667527309751","56.1172152646252","56.5528457766865","57.0426718977201","57.4796566910817","58.0515819341024","58.5665836274072","59.0327601714472","59.6224164579423","60.0273415491619","60.4662865938715","60.8275467680032","61.1354315209714","61.6205564110476","61.9013537912217","62.157122558847","62.5673205783796","62.8767560985408","63.2843625917262","63.7100938162187","64.1436129988107","64.4992570826455","64.8163549856725","65.2226549082517","65.5196872923742","65.7429019912854","66.1915034839955","66.5920295829353","66.885518775021","67.080383914217","67.52846348155","67.8661031408664","68.2916591337467","68.6727877940832","69.066326855253","69.4871005754351","69.8742623697907","70.2198833618588","70.5420565547556","70.7977056572048","71.0165829551575","70.0299882762218","68.4674029522051","",
"Asia oriental y el Pacífico","EAS","Esperanza de vida al nacer, total (años)","SP.DYN.LE00.IN","41.638256581189","46.5770199703541","53.2866105759643","53.8164211469489","54.50712280855","54.4690551951289","55.5440127654411","56.3700810539931","56.785023319868","57.4235784864814","58.0364115190344","58.8606589567722","59.4110996843082","60.257549487318","60.85864544636","61.5806958587778","62.3490804608273","63.0571123689857","63.6444222379923","64.2303195904442","64.7169659570828","65.199343856042","65.667007759281","66.0453745784663","66.4375473232112","66.8039214873218","67.1519208987384","67.4969633912792","67.7423353138225","68.0631800005131","68.2702097598828","68.4922864874891","68.9587849869094","69.4011413869678","69.6691445598683","69.922664465451","70.2083316179765","70.583740024882","70.9704253825344","71.1658194136014","71.5525698270665","72.1129509335254","72.4501596339701","72.8645142022922","72.9632561432547","73.4393996896524","73.7918873420352","74.0348839672273","74.0048241454875","74.5325090447428","74.7343657919443","74.9713541366615","75.2298136065177","75.4791162580533","75.7313051135242","75.9488167254261","76.1379237487962","76.2123963774998","76.5941727123573","76.7977748232776","76.7619396987569","76.3939344484456","",
"Europa y Asia central (excluido altos ingresos)","ECA","Esperanza de vida al nacer, total (años)","SP.DYN.LE00.IN","64.4397465181365","64.689911405309","64.5794961182973","65.0195069772591","65.5110774401876","65.3450382865541","65.4202936329992","65.3129393475912","65.3692635205997","65.0779073491054","65.7272626926483","65.9779943975712","66.0657442645351","66.187444716444","66.2889025176378","66.118253044507","66.1036715506373","66.1196376392305","66.2259446334483","66.1563796190676","66.3966512025041","66.6474908362112","67.0235597382169","67.0755182636331","66.9711281425075","67.4086401978284","68.4424497901235","68.6315367341282","68.6097369708689","68.7342772875752","68.6172608937264","68.323251674641","67.2529310055231","66.2752220329238","66.2630353110826","66.3089431823406","66.9577843628076","67.4966436294185","67.9117863039328","67.4855085794094","67.6033710320653","67.7489930065596","67.8388759216773","67.9585859395451","68.3074280975041","68.3823219019124","69.0362855721712","69.5577266923197","69.8824841567145","70.4630417732408","70.7670247830119","71.2187153266866","71.6521714741502","72.1046427684846","72.3086392341267","72.5877307625611","72.8986354044628","73.4079161270396","73.609526510201","73.9038168042535","72.2166617037646","71.4331737887319","",
"Europa y Asia central","ECS","Esperanza de vida al nacer, total (años)","SP.DYN.LE00.IN","67.4785719106391","67.7510465102691","67.6247743769465","67.9590767829454","68.4809460659443","68.4657832438817","68.6531296067362","68.6631308980436","68.640342154879","68.4346373580773","68.9107488295668","69.1072384164608","69.3306536026165","69.4480881469614","69.6638562467671","69.6173631397625","69.7446094058107","69.9533364272614","70.0252913219293","70.1393120878029","70.2710238128692","70.5591958921683","70.865354462709","70.908507031313","71.0308410596113","71.2306519515374","71.8034136295976","72.0271349475839","72.1153834925822","72.2401959367318","72.2259182982363","72.1692512851586","71.8906790558254","71.5324934583788","71.7035134247026","71.795317762704","72.2250773287105","72.6304388882559","72.9401445700135","72.8899373236112","73.1320898765724","73.3925992458532","73.5029038659978","73.6134514629794","74.0545430722738","74.1946289810641","74.6931935248229","75.0510586028631","75.3125597904777","75.7015115031243","75.986337341019","76.4585615320909","76.6431998484555","76.9860493522394","77.2964507938799","77.2313232302049","77.5651469712013","77.7786331907356","77.9114545780748","78.1862480378802","76.9591901000116","76.6315259826298","",
"Ecuador","ECU","Esperanza de vida al nacer, total (años)","SP.DYN.LE00.IN","53.364","53.895","54.401","54.88","55.305","55.664","55.942","56.213","56.487","56.654","57.152","57.633","58.205","58.837","59.526","60.232","60.89","61.559","62.153","62.696","63.191","63.662","64.11","64.528","65.171","65.811","66.535","67.3","68.056","68.749","69.348","69.625","70.117","70.345","70.757","71.041","71.362","71.681","72.045","72.463","72.839","73.24","73.613","73.975","74.279","74.514","74.689","74.844","74.983","75.184","75.43","75.743","76.062","76.369","76.622","76.789","76.763","76.972","77.094","77.297","72.153","73.67","",
"Egipto, República Árabe de","EGY","Esperanza de vida al nacer, total (años)","SP.DYN.LE00.IN","45.373","46.024","46.843","47.672","48.47","49.128","49.504","49.538","49.897","49.797","50.013","50.386","50.765","50.852","51.838","52.591","53.365","54.134","54.99","55.802","56.628","57.138","57.948","58.888","59.73","60.542","61.261","62.137","62.98","63.628","64.146","64.755","65.031","65.468","65.816","66.312","66.742","67.197","67.471","67.737","68.007","68.308","68.564","68.402","68.613","68.779","68.977","69.128","69.319","69.48","69.664","69.88","70.085","70.052","70.415","70.483","70.844","71.302","71.367","71.358","70.99","70.221","",
"Zona del Euro","EMU","Esperanza de vida al nacer, total (años)","SP.DYN.LE00.IN","69.2842936017095","69.7133686713241","69.6739528150141","69.8329171688478","70.3885533200988","70.46123373886","70.7078191096852","70.8915399421815","70.8043625801133","70.7163993344506","71.1411633358106","71.292517959097","71.6457710712623","71.7506143266729","72.0846937172071","72.1575534741485","72.4817907788254","72.9235223447312","73.0809016875311","73.427769390903","73.5806543830233","73.8595949758478","74.2041010688991","74.2799946365262","74.6837309856392","74.8132403239186","75.102412939651","75.4272786916609","75.6152815130453","75.7965403425081","75.8674113283207","76.016748880576","76.3745581161004","76.4800963246981","76.7917154931914","76.94826725877","77.2131102570114","77.5766012449154","77.792738970178","78.0166557962253","78.2708354495099","78.5936835934989","78.6821261833129","78.7053554347709","79.2769659051301","79.4246150402461","79.8548661591684","80.0995395120875","80.3025946746987","80.5056602818764","80.7475121757345","81.2340243443867","81.2280947420086","81.5136267906737","81.944915915146","81.5712888246472","81.9563383126483","81.934533072359","82.0515528107846","82.3277560167223","81.5379202202808","81.7088115579718","",
"Eritrea","ERI","Esperanza de vida al nacer, total (años)","SP.DYN.LE00.IN","37.5","37.974","38.393","38.774","39.24","39.554","39.882","40.09","40.38","40.722","41.09","41.483","41.848","42.252","42.243","42.24","42.656","43.175","43.561","43.972","44.585","44.905","44.86","45.323","45.777","46.145","47.075","47.333","48.015","47.828","49.769","50.607","52.465","53.234","54.1","54.914","55.756","56.312","49.158","43.397","56.111","58.298","58.811","59.409","59.899","60.597","61.611","62.116","62.573","63.328","63.787","64.402","64.838","65.067","65.6","66.033","66.289","66.577","67.067","67.3","67.133","66.536","",
"España","ESP","Esperanza de vida al nacer, total (años)","SP.DYN.LE00.IN","69.1092682926829","69.4804878048781","69.5190243902439","69.6812195121951","70.399756097561","70.8092682926829","71.0551219512195","71.2529268292683","71.5378048780488","71.0575609756098","72.0273170731707","71.630243902439","72.8180487804878","72.6107317073171","72.969756097561","73.3187804878049","73.6426829268293","74.1319512195122","74.2956097560976","74.8187804878049","75.3492682926829","75.5285365853659","76.1341463414634","75.9090243902439","76.2953658536586","76.259512195122","76.5104878048781","76.7280487804878","76.7470731707317","76.8136585365854","76.8375609756098","76.9712195121951","77.41","77.5465853658537","77.9014634146342","77.9807317073171","78.1204878048781","78.6041463414634","78.6658536585366","78.7170731707317","78.9658536585366","79.3682926829268","79.5682926829268","79.619512195122","79.8707317073171","80.1707317073171","80.8219512195122","80.8731707317073","81.1756097560976","81.4756097560976","81.6268292682927","82.4756097560976","82.4268292682927","83.0780487804878","83.2292682926829","82.8317073170732","83.3292682926829","83.2829268292683","83.4317073170732","83.8317073170732","82.3317073170732","83.1780487804878","",
"Estonia","EST","Esperanza de vida al nacer, total (años)","SP.DYN.LE00.IN","68.933512195122","68.9621219512195","68.7918048780488","69.2101219512195","70.0573170731707","69.6807317073171","69.627756097561","69.9401463414634","69.7512195121951","69.2659024390244","69.4100975609756","69.8151707317073","69.5921463414634","69.7994634146342","70.0786097560976","69.3543658536585","68.9256829268293","69.3248292682927","68.9206097560976","68.7858536585366","68.7956341463415","68.9780487804878","69.1268292682927","69.3756097560976","69.2780487804878","69.3804878048781","70.0853658536585","70.6439024390244","70.6975609756098","70.0390243902439","69.4756097560976","69.3731707317073","68.8634146341464","67.909756097561","66.5","67.5439024390244","69.6121951219512","69.809756097561","69.3585365853659","70.0634146341463","70.4170731707317","70.2585365853659","70.9048780487805","71.3170731707317","71.909756097561","72.5682926829268","72.6914634146341","72.8146341463415","73.7707317073171","74.8243902439024","75.4292682926829","76.2292682926829","76.3268292682927","77.1414634146341","77.0341463414634","77.590243902439","77.6414634146342","78.0926829268293","78.2439024390244","78.6463414634147","78.5951219512195","76.7414634146342","",
"Etiopía","ETH","Esperanza de vida al nacer, total (años)","SP.DYN.LE00.IN","40.33","40.995","41.403","41.956","42.275","42.444","40.15","42.692","42.844","42.83","42.815","42.892","41.55","41.635","39.453","39.356","41.895","41.893","41.9","42.807","43.217","43.608","43.767","36.036","36.429","37.364","37.811","45.44","45.061","45.036","44.557","46.13","46.901","47.394","47.861","48.302","48.924","49.514","49.927","49.425","50.538","51.043","51.517","52.533","53.235","54.008","55.149","56.426","57.592","58.804","59.73","60.721","61.543","62.373","62.905","63.649","64.392","64.838","65.412","65.838","65.371","64.975","",
"Unión Europea","EUU","Esperanza de vida al nacer, total (años)","SP.DYN.LE00.IN","69.0376063612116","69.4373542996767","69.281273112039","69.6412704704521","70.1609188571848","70.270865130013","70.5823518608764","70.5898441975846","70.5959323905506","70.4218024321978","70.8223569305548","70.9657980057439","71.3505399789407","71.4688037660151","71.7799029605556","71.7989667427251","72.0691482857956","72.3941776016688","72.4851101767566","72.7669849442334","72.7896062169941","73.125229633857","73.4033455831051","73.4488992135147","73.7404817206476","73.8154733095526","74.0715647033114","74.3245337253516","74.5267769441227","74.6546494823474","74.6973268751305","74.8099607606176","75.1268928818128","75.2554013396409","75.5257365222868","75.6712437555643","75.9240218299761","76.2418754686719","76.5112416250113","76.7452001888737","77.0753168840645","77.4229501748974","77.531003298642","77.5893359969316","78.1144998957159","78.2714286678124","78.668010036854","78.9018190892451","79.1252964098769","79.3576360232168","79.6300337124674","80.1387421492485","80.1576594861261","80.4647937689601","80.8719823965856","80.5684394242096","80.9512974807302","80.9325986173981","81.0287289990803","81.3148579639404","80.452093051787","80.3871306191596","",
"Frágiles y situaciones de conflicto afectados","FCS","Esperanza de vida al nacer, total (años)","SP.DYN.LE00.IN","46.2257723845549","46.5396283501209","46.8824921397352","47.1845956616292","47.6970043323286","47.8042562132285","47.773894945497","48.0114117623976","48.4365814395021","48.5384864644592","48.9215607734998","49.4961623323247","49.502777780032","50.0989284565418","50.2327835375026","50.4792470110771","50.9429090840689","51.4732236409028","51.6040964706847","51.8477301485509","52.0705574342356","52.2037596158092","52.1821333012976","51.5757242345741","51.4275192924625","51.6008348951176","52.2251683554609","52.6725172583931","52.2431020874093","53.2765063476633","53.2955568342697","53.3016744986948","53.2745071135822","53.6658623255327","54.2817615295296","53.996465898563","54.0742110726753","54.3713353865676","54.1575966401481","54.8732669176114","55.5031693998091","55.7223463368937","56.1425499387283","56.4124017147338","56.6591258030986","57.052215351313","57.5375478976997","58.0049021957048","58.0146096675065","59.0591385266812","59.3055588764782","59.9642709138267","60.1645755160968","60.463963747319","60.7078878635419","61.0122058229955","61.2899162650928","61.6543859535658","61.9692747415634","62.2668643672842","61.7597036018446","61.2505901165685","",
"Finlandia","FIN","Esperanza de vida al nacer, total (años)","SP.DYN.LE00.IN","68.819756097561","68.8441463414634","68.5778048780488","69.0126829268293","69.2209756097561","68.9778048780488","69.4770731707317","69.6665853658537","69.6163414634146","69.5034146341464","70.179512195122","70.0175609756098","70.7073170731707","71.2236585365854","71.1348780487805","71.6736585365854","71.8129268292683","72.350243902439","72.8970731707317","73.1553658536586","73.44","73.7465853658537","74.2980487804878","74.2009756097561","74.5190243902439","74.2229268292683","74.56","74.5919512195122","74.5770731707317","74.7921951219512","74.8131707317073","75.2275609756098","75.4553658536585","75.7051219512195","76.3956097560976","76.409512195122","76.6934146341464","76.8785365853659","77.0907317073171","77.2912195121951","77.4658536585366","77.9658536585366","78.119512195122","78.3682926829268","78.7146341463415","78.8170731707317","79.2146341463415","79.2634146341464","79.5682926829268","79.719512195122","79.8707317073171","80.4707317073171","80.6268292682927","80.9756097560976","81.1804878048781","81.4804878048781","81.4292682926829","81.6317073170732","81.7341463414634","81.9829268292683","81.9317073170732","81.9341463414634","",
"Fiji","FJI","Esperanza de vida al nacer, total (años)","SP.DYN.LE00.IN","57.588","58.199","58.934","59.552","60.219","60.805","61.154","61.576","61.772","61.538","61.713","61.796","61.784","61.022","61.686","61.852","61.975","62.273","62.527","62.941","62.734","62.729","62.793","63.29","63.892","64.526","64.715","64.936","65.149","65.277","65.508","65.643","65.827","65.928","66.125","66.286","66.408","66.448","66.68","66.763","66.31","66.34","65.748","66.177","66.424","66.632","66.855","66.826","66.935","67.089","67.328","67.523","67.552","67.428","67.376","66.844","67.24","67.79","67.81","67.893","67.924","67.114","",
"Francia","FRA","Esperanza de vida al nacer, total (años)","SP.DYN.LE00.IN","69.8682926829268","70.1170731707317","70.3146341463415","70.5146341463415","70.6634146341463","70.8121951219512","70.9609756097561","71.1609756097561","71.309756097561","71.4585365853659","71.6585365853659","71.9073170731707","72.1073170731707","72.3560975609756","72.6048780487805","72.8536585365854","73.1024390243903","73.3512195121951","73.6024390243903","73.8512195121951","74.0512195121951","74.3","74.5","74.8","75","75.3","75.6","75.8","76.1","76.3487804878049","76.6","76.8487804878049","77.1","77.3","77.6487804878049","77.7512195121951","77.9536585365854","78.3048780487805","78.6048780487805","78.7560975609756","79.0560975609756","79.1585365853659","79.2609756097561","79.1146341463415","80.1634146341463","80.1634146341463","80.8121951219512","81.1121951219512","81.2146341463415","81.4146341463415","81.6634146341463","82.1146341463415","81.9682926829268","82.219512195122","82.719512195122","82.3219512195122","82.5731707317073","82.5756097560976","82.6756097560976","82.8268292682927","82.1756097560976","82.3243902439024","",
"Islas Feroe","FRO","Esperanza de vida al nacer, total (años)","SP.DYN.LE00.IN","","","","","","","","","","","","","","74.4975609756098","","","","","75.9853658536585","","","","","","","","75.2658536585366","75.4658536585366","75.7146341463415","75.9146341463415","76.1146341463415","76.3634146341464","76.6146341463415","76.9146341463415","77.1658536585366","77.3658536585366","77.5682926829268","77.8219512195122","78.0268292682927","78.2317073170732","78.4365853658537","78.6414634146341","78.8439024390244","78.9439024390244","79.0926829268293","79.290243902439","79.6390243902439","79.9878048780488","80.0853658536585","80.3853658536585","80.6365853658537","80.9390243902439","81.190243902439","81.4414634146341","81.5926829268293","81.7926829268293","82.0439024390244","82.3439024390244","82.5951219512195","82.9463414634147","83.1975609756098","83.4975609756098","",
"Micronesia (Estados Federados de)","FSM","Esperanza de vida al nacer, total (años)","SP.DYN.LE00.IN","56.409","57.11","57.803","58.176","58.532","59.11","59.337","59.873","60.193","60.662","61.035","61.518","61.781","62.139","62.499","62.802","63.092","63.363","63.72","63.78","64.212","64.478","64.821","65.282","65.749","65.97","66.172","66.292","66.859","67.096","67.425","67.619","67.832","68.059","68.095","68.553","68.776","69.229","69.465","69.706","69.769","70.479","69.46","70.76","70.838","70.884","71.093","71.06","71.137","71.112","71.233","71.318","71.398","71.499","71.529","71.408","71.595","71.467","71.318","71.077","70.674","70.71","",
"Gabón","GAB","Esperanza de vida al nacer, total (años)","SP.DYN.LE00.IN","46.575","47.228","47.838","48.479","49.048","49.752","50.349","50.892","51.439","51.957","52.555","53.073","53.605","54.057","54.567","55.035","55.569","56.089","56.659","57.053","57.454","57.816","58.106","58.601","58.894","59.311","59.641","59.894","60.006","60.265","60.311","60.397","60.545","60.718","60.701","60.704","60.612","60.662","60.79","60.849","61.069","61.27","61.292","61.671","61.838","61.959","62.375","62.618","63.083","63.303","63.898","64.045","64.587","64.776","64.974","65.46","65.802","66.189","66.306","66.603","66.531","65.821","",
"Reino Unido","GBR","Esperanza de vida al nacer, total (años)","SP.DYN.LE00.IN","71.1268292682927","70.8780487804878","70.9268292682927","70.8268292682927","71.6243902439024","71.6243902439024","71.5731707317073","72.1243902439024","71.7243902439025","71.7219512195122","71.9731707317073","72.2731707317073","72.1243902439024","72.3243902439024","72.5243902439024","72.7243902439024","72.7756097560976","73.2243902439024","73.1756097560976","73.2756097560976","73.6756097560976","74.0268292682927","74.1780487804878","74.3780487804878","74.7780487804878","74.6292682926829","74.9292682926829","75.280487804878","75.3804878048781","75.5829268292683","75.8804878048781","76.0829268292683","76.4341463414634","76.3853658536585","76.8853658536585","76.8365853658537","77.0878048780488","77.2109756097561","77.190243902439","77.390243902439","77.7414634146342","77.9926829268293","78.1439024390244","78.4463414634146","78.7463414634146","79.0487804878049","79.2487804878049","79.4487804878049","79.6","80.0512195121951","80.4024390243902","80.9512195121951","80.9048780487805","81.0048780487805","81.3048780487805","80.9560975609756","81.1560975609756","81.2560975609756","81.2560975609756","81.4048780487805","80.3512195121951","80.7","",
"Georgia","GEO","Esperanza de vida al nacer, total (años)","SP.DYN.LE00.IN","61.222","61.416","61.858","62.228","62.333","62.852","63.075","63.292","63.775","64.205","64.431","64.753","65.072","65.421","65.591","65.874","66.029","66.471","66.695","67.074","67.173","67.634","67.903","67.942","67.994","68.368","68.445","68.251","68.528","68.353","68.389","68.245","67.783","67.656","68.554","68.851","68.974","69.059","69.102","69.319","69.575","69.606","70.024","70.333","70.567","71.13","71.394","71.568","71.332","71.95","72.128","72.39","72.412","72.628","73.099","73.297","73.569","73.57","73.341","73.47","72.765","71.694","",
"Ghana","GHA","Esperanza de vida al nacer, total (años)","SP.DYN.LE00.IN","47.096","47.325","47.405","47.578","47.719","47.778","47.727","47.683","47.57","47.565","47.805","47.798","48.026","48.398","48.777","49.246","49.764","50.085","50.571","50.932","51.117","51.269","51.383","51.622","52.051","52.416","53.125","53.824","54.507","55.191","55.62","56.012","56.231","56.416","56.112","56.565","56.82","57.199","57.6","58.03","58.195","58.107","58.608","59.111","59.191","59.76","59.988","60.224","60.49","60.946","61.157","61.652","62.081","62.42","63.045","63.175","63.89","64.013","64.122","64.74","64.114","63.795","",
"Gibraltar","GIB","Esperanza de vida al nacer, total (años)","SP.DYN.LE00.IN","69.309","69.234","69.481","69.257","70.168","70.608","69.594","70.983","70.513","70.006","70.605","71.017","70.827","71.375","70.638","71.816","71.39","72.227","72.548","72.71","73.753","73.567","73.342","74.524","75.385","76.013","76.241","74.679","77.36","74.554","77.072","76.994","75.559","78.52","79.164","76.556","77.65","80.343","80.663","81.533","81.37","81.087","80.26","79.694","80.948","81.442","80.393","78.514","80.13","81.243","80.958","81.871","83.366","80.55","81.882","80.427","81.702","81.83","82.154","82.363","82.198","79.329","",
"Guinea","GIN","Esperanza de vida al nacer, total (años)","SP.DYN.LE00.IN","36.547","36.75","36.913","37.164","37.341","37.599","37.84","38.123","38.559","38.723","39.008","39.308","39.673","39.891","40.137","40.591","41.024","41.411","41.901","42.393","42.884","43.324","43.925","44.382","44.946","45.522","45.918","46.417","46.589","46.847","47.004","47.546","48.363","48.962","49.171","49.866","50.544","51.356","52.049","52.356","52.479","52.662","53.278","53.678","54.117","54.632","55.108","55.553","56.044","56.348","56.72","57.019","57.406","57.791","57.886","58.134","58.763","59.109","59.349","59.72","59.327","58.892","",
"Gambia","GMB","Esperanza de vida al nacer, total (años)","SP.DYN.LE00.IN","35.098","35.568","35.989","36.496","36.948","37.445","37.898","38.43","38.869","39.349","39.871","40.347","40.915","41.394","41.954","42.444","43.039","43.44","43.583","44.558","45.153","44.476","46.377","46.923","47.493","48.189","48.71","49.409","50.051","50.635","51.319","52.127","52.941","53.748","54.721","55.464","56.009","56.06","56.554","56.816","56.942","57.043","57.08","57.586","58.088","58.394","59.06","59.394","60.082","60.427","60.717","61.526","62.096","62.114","62.269","62.494","63.013","62.995","63.04","63.755","62.612","62.083","",
"Guinea-Bissau","GNB","Esperanza de vida al nacer, total (años)","SP.DYN.LE00.IN","37.464","37.695","37.932","35.661","35.984","36.383","36.698","37.024","37.361","37.746","38.025","38.368","38.698","39.034","41.757","42.053","42.419","42.718","43.033","43.39","43.754","44.07","44.374","44.635","44.829","45.104","45.446","45.785","46.321","46.7","47.084","47.465","47.92","48.228","48.156","48.952","49.065","47.997","47.716","48.006","50.121","50.445","50.986","51.405","52.15","52.249","53.371","54.155","54.646","55.541","56.23","56.967","57.69","58.232","58.61","59.128","59.674","60.066","60.502","60.882","59.999","59.652","",
"Guinea Ecuatorial","GNQ","Esperanza de vida al nacer, total (años)","SP.DYN.LE00.IN","41.729","41.994","42.258","42.546","42.749","43.054","43.264","43.532","43.731","30.076","30.248","36.263","43.284","43.477","40.186","35.812","28.921","40.501","40.793","41.653","47.563","48.109","48.596","49.007","49.208","49.683","50.039","50.279","50.504","50.668","50.86","50.969","51.113","51.308","51.415","51.592","51.727","52.061","52.382","52.752","53.226","53.636","54.085","54.581","55.036","55.464","56.046","56.54","57.074","57.431","57.878","58.412","58.865","59.224","59.595","60.103","60.479","60.821","61.191","61.644","60.708","60.594","",
"Grecia","GRC","Esperanza de vida al nacer, total (años)","SP.DYN.LE00.IN","69.3","70.3158536585366","70.2549756097561","70.6105365853659","70.5693902439025","71.4283170731707","71.7527073170732","71.2987804878049","71.4301951219512","72.0043414634146","72.7708048780488","73.0095609756098","72.7826829268293","72.9819756097561","73.4155853658537","73.3763658536586","73.634","73.6708048780488","74.358756097561","74.6210731707317","74.5462682926829","74.9574390243902","75.2505365853659","75.5177317073171","75.7743902439024","76.0829024390244","76.4826585365854","76.2798536585366","76.980756097561","76.6878048780488","76.9390243902439","77.1365853658537","77.3829268292683","77.390243902439","77.6390243902439","77.5853658536585","77.6853658536585","78.1365853658537","77.8390243902439","77.9878048780488","77.8878048780488","78.3878048780488","78.6414634146341","78.8414634146341","79.0390243902439","79.2390243902439","79.4390243902439","79.4390243902439","79.9390243902439","80.1878048780488","80.3878048780488","80.7317073170732","80.6341463414634","81.2853658536585","81.3853658536585","81.0365853658537","81.3878048780488","81.2878048780488","81.7878048780488","81.6390243902439","81.2878048780488","80.1829268292683","",
"Granada","GRD","Esperanza de vida al nacer, total (años)","SP.DYN.LE00.IN","60.76","61.792","62.877","64.077","64.841","64.728","64.655","64.654","65.498","65.857","66.216","66.479","66.822","67.217","67.583","67.971","68.151","67.475","67.668","67.9","68.144","68.45","68.712","64.219","69.32","69.58","69.77","69.939","70.165","70.419","70.683","70.974","71.291","71.576","71.786","72.109","72.331","72.568","72.805","72.903","72.783","73.118","73.167","73.188","71.788","73.521","73.7","74.317","74.656","75.036","74.999","75.295","75.042","75.116","74.985","75.013","74.762","74.765","74.808","74.863","74.924","74.936","",
"Groenlandia","GRL","Esperanza de vida al nacer, total (años)","SP.DYN.LE00.IN","","","","","","","","","","","","","","","","","","","63.4146341463415","63.9548780487805","63.449756097561","63.0748780487805","63.1926829268293","63.3","63.4665853658537","63.8336585365854","64.2487804878049","64.6541463414634","64.5824390243903","64.6675609756098","65.0682926829268","65.0317073170732","65.1960975609756","65.5853658536585","65.9009756097561","65.6441463414634","65.7673170731707","65.7980487804878","66.1570731707317","66.4887804878049","66.1007317073171","66.7348780487805","67.1529268292683","68.0224390243903","68.6439024390244","68.4224390243902","68.6165853658537","69.3229268292683","70.0151219512195","70.5280487804878","70.2919512195122","69.8248780487805","70.55","71.5734146341464","71.9856097560976","71.9773170731707","71.8251219512195","71.6412195121951","71.8865853658537","72.0436585365854","71.6368292682927","71.1475609756098","",
"Guatemala","GTM","Esperanza de vida al nacer, total (años)","SP.DYN.LE00.IN","45.808","46.47","46.995","47.407","47.712","47.814","47.764","47.984","48.298","48.548","49.439","50.484","51.638","53.003","54.039","54.824","49.169","55.816","55.963","56.185","56.024","55.972","50.134","58.718","59.558","60.203","60.772","61.432","62.029","62.374","62.473","62.725","62.913","63.349","63.726","64.195","64.863","65.536","66.114","66.869","67.446","67.946","68.386","68.797","69.165","69.168","69.812","70.1","70.356","70.641","70.878","71.177","71.463","71.728","71.964","72.103","72.355","72.551","72.726","73.129","71.797","69.237","",
"Guam","GUM","Esperanza de vida al nacer, total (años)","SP.DYN.LE00.IN","60.897","61.395","61.708","62.359","62.878","62.893","62.778","63.566","64.152","64.545","64.825","65.193","65.351","65.752","66.01","66.577","67.032","67.922","68.686","69.579","69.861","70.077","70.32","70.59","70.819","71.069","71.325","71.564","71.885","72.164","72.473","72.497","72.718","72.952","73.058","73.29","73.092","73.349","73.632","74.066","74.417","75.41","75.793","76.504","76.923","77.182","77.136","77.098","77.185","77.094","76.879","76.872","76.707","76.72","76.749","76.616","76.877","77.155","77.439","77.717","76.612","76.656","",
"Guyana","GUY","Esperanza de vida al nacer, total (años)","SP.DYN.LE00.IN","58.034","58.46","58.864","59.202","59.494","59.742","59.937","60.113","60.256","60.38","60.469","60.555","60.636","60.683","60.76","60.819","60.892","60.955","61.052","61.133","61.229","61.311","61.406","61.491","61.589","61.66","61.797","61.947","62.085","62.238","62.415","62.622","62.787","63.152","63.372","63.136","63.205","63.356","63.9","64.17","64.483","64.788","64.728","64.6","64.93","65.132","65.667","66.254","66.288","66.563","66.743","66.982","67.23","67.473","67.882","68.201","68.384","68.667","68.896","69.124","68.486","65.673","",
"Ingreso alto","HIC","Esperanza de vida al nacer, total (años)","SP.DYN.LE00.IN","68.4222814805589","68.8228802857627","68.7847442195224","69.0214757749467","69.5044168057629","69.6280086586401","69.8985675938239","70.1775327948023","70.0414625558951","70.1738871226055","70.4690889220181","70.7812951652189","71.0159402288316","71.2005900376977","71.588852388771","71.9003571923832","72.1668449312364","72.5654419734164","72.7139921533239","73.051872649984","73.0831930201553","73.4555404673943","73.7785095608695","73.8769632448904","74.1624341086754","74.2725640574018","74.5171341840051","74.7917513319122","74.9024936129488","75.1280869312793","75.2704553105638","75.4557036425377","75.7164039169956","75.7865069433161","76.0660675301923","76.1266401814992","76.4860452596854","76.8103006813142","77.0053486765835","77.1485909153637","77.4591481195593","77.7608602245163","77.9211012628216","78.038999313665","78.4659504448738","78.5801010282171","78.8978659382881","79.1276586042909","79.2877023764703","79.5841743577416","79.7690185923014","80.0405922968893","80.1600955907447","80.3514402747887","80.6068445722732","80.4916881522767","80.6501198250007","80.689772627775","80.7766279334088","80.9919685217283","80.0883965374498","79.9336700259053","",
"Hong Kong, Región Administrativa Especial","HKG","Esperanza de vida al nacer, total (años)","SP.DYN.LE00.IN","65.8662926829268","66.5588780487805","66.9771707317073","67.6857317073171","68.4460975609756","69.2512195121951","69.5388780487805","69.9254390243902","70.3558292682927","70.5685609756098","71.0499512195122","71.4585365853659","71.4560975609756","72.109756097561","72.6121951219512","73.3682926829268","72.819512195122","73.319512195122","73.5756097560976","73.6731707317073","74.6731707317073","75.3243902439025","75.4292682926829","75.2756097560976","76.0292682926829","76.4341463414634","76.6853658536585","76.8829268292683","77.0829268292683","77.0292682926829","77.3804878048781","77.8829268292683","77.6780487804878","78.0317073170732","78.5292682926829","78.6829268292683","79.6268292682927","80.1268292682927","80.1317073170732","80.3829268292683","80.8780487804878","81.4243902439025","81.4268292682927","81.3780487804878","81.8292682926829","81.6292682926829","82.3756097560976","82.3268292682927","82.3756097560976","82.7756097560976","82.9780487804878","83.4219512195122","83.4804878048781","83.8317073170732","83.9804878048781","84.2780487804878","84.2268292682927","84.6804878048781","84.9341463414634","85.1804878048781","85.4975609756098","85.4926829268293","",
"Honduras","HND","Esperanza de vida al nacer, total (años)","SP.DYN.LE00.IN","48.317","48.73","49.668","50.25","50.812","51.465","52.091","52.632","53.355","53.896","54.44","54.966","55.607","54.415","52.313","57.548","58.158","58.746","59.334","59.908","60.485","61.016","61.527","62.137","62.642","62.996","63.591","64.032","64.345","64.856","65.243","65.752","65.991","66.251","66.574","67.139","67.439","67.777","62.721","68.422","68.662","69.006","69.366","69.507","69.796","70.104","70.261","70.376","70.441","70.911","71.088","71.439","71.734","71.963","72.259","72.487","72.588","72.692","72.814","72.881","71.462","70.123","",
"Países pobres muy endeudados (PPME)","HPC","Esperanza de vida al nacer, total (años)","SP.DYN.LE00.IN","40.7432026829806","41.0716719702749","41.6223766531233","41.7639340063819","42.2530557750103","42.4013985665175","42.3348677233006","42.9765793707825","43.3082064431998","43.5652834665755","43.878573913825","44.2237902426072","44.0236965504933","44.7605228289458","44.799448721761","45.1666195224371","45.8441781997696","46.2124745848801","46.3933583223511","46.8042600172601","47.214725632849","47.5156566147369","47.7376637411728","46.5256400117756","46.3974412357391","46.7606581995935","47.5777411576435","48.3018830059551","48.1063892333189","49.1753750111008","49.2102059169223","49.2081967029127","49.1878018441342","49.7959998525053","50.1610412329072","50.6678357081371","50.7884550000317","51.1365267919311","50.9523041530546","51.8352413766677","52.6617541209546","53.1310992050946","53.6299965169525","54.2296688765239","54.740409284175","55.4083228176931","56.2336206746725","56.889887989301","57.5040701855321","58.2403116950517","58.577688567925","59.4752203982531","60.0780176229234","60.6445607537013","61.1470730930553","61.6125477293904","62.1619619402239","62.5497604688077","62.9475759474084","63.3380569471644","62.7617201814617","62.3027853999622","",
"Croacia","HRV","Esperanza de vida al nacer, total (años)","SP.DYN.LE00.IN","65.4823658536585","66.1803414634146","66.4691463414634","66.8558048780488","67.2923170731707","67.8325609756098","68.1214390243903","68.2989512195122","68.3864146341464","68.6602926829268","68.8126341463415","69.1401707317073","69.4417804878049","69.848487804878","70.1436585365854","70.0019512195122","70.4553658536585","70.7443902439024","70.5387804878049","70.4273170731707","70.1753658536586","70.3443902439025","70.4826829268293","70.2748780487805","70.2185365853659","70.8860975609756","71.4190243902439","71.470243902439","71.4882926829268","71.8446341463415","72.1704878048781","72.1853658536586","71.2414634146342","71.5224390243903","71.8034146341463","72.0843902439024","72.3653658536585","72.4951219512195","72.3170731707317","72.6419512195122","72.8078048780488","74.5129268292683","74.7173170731707","74.6139024390244","75.520243902439","75.2446341463415","75.8368292682927","75.7056097560976","75.9121951219512","76.1682926829268","76.4756097560976","76.7756097560976","76.9243902439024","77.1268292682927","77.4780487804878","77.2756097560976","78.0219512195122","77.8268292682927","78.0707317073171","78.4243902439025","77.7243902439024","76.4243902439025","",
"Haití","HTI","Esperanza de vida al nacer, total (años)","SP.DYN.LE00.IN","43.499","43.914","44.291","42.769","44.968","45.351","45.594","46.125","46.512","46.915","47.337","47.719","47.945","48.208","48.419","48.681","48.956","49.209","49.428","49.675","49.902","50.268","50.551","50.871","51.123","51.523","51.875","52.239","52.632","52.755","52.975","53.391","53.842","54.35","54.653","55.547","56.154","56.516","57.135","57.961","58.365","58.489","58.855","59.507","58.475","60.415","60.763","61.103","61.332","61.741","46.019","61.623","62.291","62.605","62.987","63.237","63.392","63.854","64.019","64.255","64.052","63.192","",
"Hungría","HUN","Esperanza de vida al nacer, total (años)","SP.DYN.LE00.IN","68.0031707317073","68.9360975609756","67.8658536585366","68.8741463414634","69.3809756097561","69.0712195121951","69.8224390243902","69.4070731707317","69.230243902439","69.3146341463415","69.1646341463415","69.0524390243903","69.6646341463415","69.5180487804878","69.2480487804878","69.29","69.5731707317073","69.8480487804878","69.3939024390244","69.6153658536585","69.0617073170732","69.1392682926829","69.3578048780488","68.9736585365854","69.0258536585366","68.9721951219512","69.1734146341463","69.6512195121951","70.0234146341463","69.4617073170732","69.3156097560976","69.3770731707317","69.1170731707317","69.1012195121951","69.469756097561","69.7917073170732","70.3287804878049","70.7024390243902","70.5578048780488","70.6770731707317","71.2463414634146","72.2487804878049","72.3487804878049","72.3","72.6487804878049","72.6487804878049","73.0975609756098","73.1512195121951","73.7024390243903","73.9048780487805","74.2073170731707","74.8585365853659","75.0634146341463","75.5658536585366","75.7634146341463","75.5682926829269","76.0634146341464","75.8170731707317","76.0658536585366","76.3195121951219","75.5682926829269","74.4658536585366","",
"Sólo BIRF","IBD","Esperanza de vida al nacer, total (años)","SP.DYN.LE00.IN","45.8315473913406","48.6696495006408","52.359673411617","52.8328852706267","53.354844332211","53.0622836932015","53.7530935455068","54.2416531611526","54.9390723022559","55.3475223842244","55.8911934937407","56.5218658204938","56.9740964568749","57.6389370776751","58.1972000213272","58.8008612699418","59.3466980223501","59.9037908315656","60.3821119624756","60.880881470534","61.3138940793394","61.7588939390892","62.2193426777705","62.6698692201121","63.0738377643132","63.4919507761195","63.9868206170074","64.3426163165481","64.643994287986","64.9883117764959","65.1953765911626","65.4747669067558","65.7714639021482","66.0232525026147","66.2925403613243","66.6316509652045","66.9554172852941","67.328691300914","67.6934684834038","67.9011062617258","68.2416312578469","68.6546066926548","68.9875853336328","69.2564792281821","69.5010398216093","69.9234436166427","70.2801342889742","70.5719027698653","70.7896591057328","71.1675252747818","71.4524650391277","71.795282579015","72.1423094367122","72.4925660835126","72.8501369607737","73.1507668486487","73.4185738560796","73.6412214030399","73.9337095023034","74.12980654945","73.3796956113041","72.1250996282608","",
"BIRF y la AIF","IBT","Esperanza de vida al nacer, total (años)","SP.DYN.LE00.IN","45.3207265205109","47.7504477774207","50.8942863554658","51.3379504496757","51.8808133000432","51.6683766718498","52.3198634677403","52.7939529543825","53.4550261698694","53.849379687608","54.20666290039","54.3160924901897","55.3533830814638","55.9881723699483","56.4579847783548","56.97708095092","57.518904703611","58.0692321699416","58.5144257974787","58.9853526698233","59.4177418251649","59.8370923419609","60.2391189197662","60.5498569459733","60.8870020712054","61.2549093039812","61.7193671195844","62.0601689684374","62.27941572549","62.6655508629376","62.8610973376669","63.0203981826888","63.3020155896478","63.5300402444694","63.7930649304762","64.0803655799138","64.3419881575415","64.7079118868857","65.0233414081341","65.3657950732076","65.7045779665046","66.0848823160253","66.4074636895441","66.6886267798423","66.9251174070478","67.3216242217954","67.7168595170462","67.9959539979664","68.1795315444926","68.6034434597784","68.9002036877571","69.2692636606875","69.5854920961871","69.9110639572032","70.2371184489199","70.5246121502089","70.8064290874435","71.0439407609054","71.3224576902763","71.5259635705078","70.8220309802864","69.7801625288237","",
"total de la AIF","IDA","Esperanza de vida al nacer, total (años)","SP.DYN.LE00.IN","42.8500283572807","43.3634492076268","43.9506419434534","44.2672287105175","44.9276483223944","45.1147919351542","45.5993957882376","46.0295811342929","46.5460901225309","46.8970366152617","46.4097011260155","44.1139083927945","47.871819305585","48.4014919990369","48.5091165464481","48.6941538361479","49.2710891859744","49.8514994397233","50.2215077847805","50.6490071629964","51.154159792101","51.5332260251898","51.7591945214379","51.5550252933773","51.6926752705808","51.9360274496147","52.3560949501185","52.7134392049503","52.6751744583156","53.3123777691243","53.5431458291219","53.3097246307414","53.631825069292","53.8788847800064","54.2268520719602","54.4242604629714","54.5620173614455","55.0072932148769","55.247996434182","56.1904429051051","56.6358854845343","57.016625546101","57.4240014027474","57.8664151068896","58.1882031580357","58.6091853282568","59.2468207359769","59.5984138899817","59.7803080793907","60.4586707357896","60.9033054995911","61.4590482530021","61.772477297762","62.1059817965566","62.4187783750994","62.7520649911735","63.1662546206472","63.5423849621266","63.8819535428096","64.2126988843322","63.748926085736","63.4029037247301","",
"mezcla de la AIF","IDB","Esperanza de vida al nacer, total (años)","SP.DYN.LE00.IN","43.1313289141886","43.7391274240134","44.5341367924952","45.219446021443","45.8171124306022","46.3788427516835","47.0872163202978","47.1879814692894","48.0472436794571","48.6127002111828","49.4896363527728","48.2296449152042","50.5216942448939","50.9782532049083","51.307344219929","51.7971384949617","52.2876544329406","52.6590011386598","53.0207415191871","53.3616085954108","53.8572879752863","54.3869052266339","54.6127362739237","54.9625031578793","55.163692816127","55.1674921360445","55.1397266180118","55.0483551391886","55.1667983905744","55.2854156938416","55.3581201665674","55.2090734140957","55.0201122945286","54.8267211922196","54.6920622109694","54.453501636878","54.6036739111338","54.6637400559667","54.9213790010906","55.3547080778183","55.7800007528308","56.0286057591219","56.3822425571284","56.7018841471596","57.0266398254545","57.0632692744767","57.8649628007402","58.1120724228649","58.4018996707658","58.7361689858069","59.078973449543","59.4617650180505","59.6525713647095","59.9596238215923","60.1279103643597","60.3602067828122","60.5636098224754","60.8771183772815","61.0773195307108","61.3315960546325","61.0062879415561","60.6802512013328","",
"Indonesia","IDN","Esperanza de vida al nacer, total (años)","SP.DYN.LE00.IN","46.452","47.117","47.871","48.429","49.232","42.599","48.2","51.066","51.63","52.354","52.992","53.576","54.242","54.85","55.429","55.968","56.514","57.081","57.565","58.153","58.754","59.138","59.757","60.273","60.728","61.307","61.722","61.973","62.211","62.696","63.181","63.537","64.126","64.598","64.856","65.237","65.355","65.733","65.962","66.221","66.433","66.758","67.134","67.413","65.75","67.649","67.914","68.189","68.226","68.494","68.679","68.823","68.973","69.264","69.533","69.699","69.798","69.936","70.338","70.518","68.808","67.57","",
"Sólo AIF","IDX","Esperanza de vida al nacer, total (años)","SP.DYN.LE00.IN","42.7261396503879","43.19808623794","43.6939637599576","43.8484251178366","44.5364943803329","44.5589438707091","44.9450418939045","45.5201925266531","45.8862403888713","46.1428866367424","45.0543181776254","42.2969118902934","46.6984559168622","47.2585289076039","47.2651860107818","47.3095103385388","47.9178950757332","48.5849715846589","48.9531651029848","49.4139527962183","49.9091653201126","50.2001231130624","50.4141509745532","49.942523527262","50.0462636564905","50.3967436932647","51.0226309290065","51.5885066629517","51.4675065192444","52.3510621542103","52.6545863519287","52.3754099047231","52.9486746970842","53.4131638017341","53.9981145214326","54.4098579662698","54.5414464230778","55.1774020089062","55.4101438454354","56.6062494094152","57.0633597870471","57.5120379009329","57.9463664016287","58.4495397650177","58.7698284203979","59.383146188179","59.9383944610098","60.3426017719017","60.4715395768729","61.3242846280903","61.8223515539487","62.4667176934859","62.8418537096922","63.1880841484592","63.5725339736212","63.9540548833674","64.4693916317431","64.8721264400224","65.277193059858","65.6417933972898","65.1059048304073","64.7473008171317","",
"Isla de Man","IMN","Esperanza de vida al nacer, total (años)","SP.DYN.LE00.IN","64.409","63.629","64.293","63.522","64.838","64.978","65.273","65.968","65.625","65.193","65.684","65.956","65.371","66.555","65.989","66.918","67.162","67.281","67.511","67.882","68.304","69.079","69.1","69.716","69.88","69.48","70.292","70.678","71.239","70.924","71.959","72.151","73.078","72.31","73.339","73.264","73.756","73.691","74.603","73.666","74.725","75.51","75.42","76.096","76.966","77.623","78.191","78.331","78.449","78.681","78.983","79.19","79.337","79.473","80.037","78.905","80.314","80.457","80.596","80.737","80.588","80.525","",
"India","IND","Esperanza de vida al nacer, total (años)","SP.DYN.LE00.IN","45.218","45.398","45.659","45.936","46.184","44.98","45.333","45.674","47.471","47.857","48.241","48.632","49.025","49.539","50.244","50.812","51.388","51.909","52.492","53.06","53.611","54.175","54.732","55.281","55.816","56.334","56.835","57.315","57.777","58.233","58.652","59.055","59.452","59.815","60.216","60.596","60.984","61.388","61.792","62.207","62.669","63.091","63.616","64.094","64.524","64.996","65.412","65.788","66.149","66.513","66.909","67.359","67.887","68.46","69.074","69.636","70.117","70.467","70.71","70.91","70.15","67.24","",
"No clasificado","INX","Esperanza de vida al nacer, total (años)","SP.DYN.LE00.IN","","","","","","","","","","","","","","","","","","","","","","","","","","","","","","","","","","","","","","","","","","","","","","","","","","","","","","","","","","","","","","","",
"Irlanda","IRL","Esperanza de vida al nacer, total (años)","SP.DYN.LE00.IN","70.1942682926829","69.6782926829268","69.9910487804878","70.2300975609756","70.4899268292683","70.695","70.2169512195122","71.2453658536585","70.941","70.8528292682927","70.9015609756098","71.6758536585366","71.021756097561","71.2399756097561","71.1755609756098","71.7530487804878","71.8566097560976","71.9973902439024","71.9963170731707","72.2680243902439","72.5954146341464","72.9517804878049","73.2090487804878","73.2400975609756","73.6637317073171","73.6219024390244","73.6655365853659","74.4323902439024","74.4394146341463","74.4552195121951","74.8460731707317","75.025","75.4150975609756","75.2921951219512","75.7871219512195","75.4698048780488","75.8317073170732","75.9853658536585","76.1804878048781","76.0829268292683","76.5365853658537","77.1341463414634","77.6341463414634","78.1390243902439","78.5390243902439","78.9439024390244","79.2414634146342","79.6414634146341","80.0951219512195","80.190243902439","80.7439024390244","80.7463414634146","80.8463414634146","80.9487804878049","81.3487804878049","81.4536585365854","81.6536585365854","82.1560975609756","82.2048780487805","82.7024390243903","82.5560975609756","82.1024390243903","",
"Irán, República Islámica del","IRN","Esperanza de vida al nacer, total (años)","SP.DYN.LE00.IN","43.957","44.55","44.269","45.619","46.196","46.744","47.421","48.034","48.136","49.438","50.204","51.124","51.659","52.946","53.854","54.761","55.7","56.577","55.926","58.55","58.537","56.715","57.734","58.748","61.22","61.893","62.487","62.823","63.446","65.718","64.367","66.459","66.776","67.139","67.468","67.785","68.07","68.359","68.73","69.297","69.691","69.955","70.445","69.823","71.37","71.838","72.276","72.772","72.624","72.698","73.069","73.679","74.186","74.449","74.782","75.124","75.6","75.971","76.195","76.103","74.832","73.875","",
"Iraq","IRQ","Esperanza de vida al nacer, total (años)","SP.DYN.LE00.IN","52.618","53.411","54.326","54.948","55.633","56.616","57.348","58.37","58.781","59.32","60.186","60.909","61.388","62.03","60.898","61.464","63.715","64.228","64.401","64.791","61.5","59.331","59.733","60.061","60.219","60.68","60.874","61.176","57.466","58.235","58.435","62.519","66.708","66.897","66.744","66.464","66.391","65.837","65.486","66.182","66.817","67.034","67.084","65.643","65.031","64.844","63.587","63.553","64.942","66.446","67.062","67.659","68.023","68.253","68.914","69.44","68.988","70.413","71.514","71.576","69.123","70.378","",
"Islandia","ISL","Esperanza de vida al nacer, total (años)","SP.DYN.LE00.IN","73.7620487804878","73.5034146341464","73.7219512195122","73.0429268292683","73.5417073170732","73.8687804878049","73.3004878048781","73.7831707317073","74.0058536585366","73.7763414634147","73.9339024390244","73.5704878048781","74.4558536585366","74.4509756097561","74.5117073170732","75.5787804878049","76.9721951219512","76.3736585365854","76.6492682926829","76.7731707317073","76.8465853658537","76.5214634146341","77.0378048780488","76.8456097560976","77.5765853658537","77.6024390243903","77.9907317073171","77.3390243902439","77.0829268292683","78.1409756097561","78.0363414634146","77.9919512195122","78.760243902439","78.9346341463415","79.2470731707317","77.9843902439024","78.7778048780488","78.8853658536585","79.6024390243903","79.3512195121951","79.6536585365854","80.690243902439","80.5024390243903","80.9634146341464","80.9975609756098","81.5024390243902","81.1585365853659","81.4536585365854","81.609756097561","81.7512195121951","81.8975609756097","82.3585365853659","82.9170731707317","82.0609756097561","82.8609756097561","82.4682926829268","82.2048780487805","82.6609756097561","82.8609756097561","83.1634146341463","83.0634146341463","83.1170731707317","",
"Israel","ISR","Esperanza de vida al nacer, total (años)","SP.DYN.LE00.IN","","72.0065853658537","72.1121951219512","","","","72.2856097560976","71.509756097561","71.0565853658537","70.9704878048781","71.2134146341463","71.7190243902439","71.0780487804878","71.6934146341464","71.6617073170732","72.0451219512195","72.9560975609756","72.9585365853659","73.2073170731707","73.5073170731707","73.8756097560976","74.2609756097561","74.109756097561","74.4585365853658","74.8073170731707","75.2073170731707","74.9560975609756","75.2585365853659","74.4365853658537","76.3073170731707","76.6073170731707","76.7585365853659","76.5048780487805","77.1536585365854","77.4024390243903","77.4512195121951","78.1048780487805","78","78.1487804878049","78.6585365853659","78.9536585365854","79.4073170731707","79.4512195121951","79.6487804878049","80.1463414634146","80.1512195121951","80.5536585365854","80.5048780487805","80.9512195121951","81.4048780487805","81.6024390243903","81.6560975609756","81.7048780487805","82.0560975609756","82.1536585365854","82.0512195121951","82.4073170731707","82.5512195121951","82.8024390243903","82.8048780487805","82.6487804878049","82.5","",
"Italia","ITA","Esperanza de vida al nacer, total (años)","SP.DYN.LE00.IN","69.1239024390244","69.760243902439","69.149756097561","69.2480487804878","70.3117073170732","70.1717073170732","70.9260975609756","70.9565853658537","70.78","70.8119512195122","71.5587804878049","71.8068292682927","72.0753658536586","72.0263414634146","72.7343902439025","72.6473170731708","72.9919512195122","73.3646341463415","73.6931707317073","74.0026829268293","73.9431707317073","74.3539024390244","74.8146341463415","74.640243902439","75.389512195122","75.4707317073171","75.7707317073171","76.219512195122","76.3707317073171","76.819512195122","76.9707317073171","77.0195121951219","77.419512195122","77.7219512195122","77.9219512195122","78.1707317073171","78.5219512195122","78.8243902439024","78.9756097560976","79.4243902439024","79.7780487804878","80.1268292682927","80.2292682926829","79.9829268292683","80.7804878048781","80.7829268292683","81.2829268292683","81.4341463414634","81.4853658536585","81.6365853658537","82.0365853658537","82.1878048780488","82.2390243902439","82.690243902439","83.090243902439","82.5439024390244","83.2439024390244","82.9463414634147","83.3463414634146","83.4975609756098","82.1951219512195","82.7951219512195","",
"Jamaica","JAM","Esperanza de vida al nacer, total (años)","SP.DYN.LE00.IN","64.042","64.394","64.491","65.27","65.622","65.972","66.355","66.442","66.265","66.381","66.702","66.795","67.102","67.551","67.838","68.048","68.425","68.534","68.755","69.048","69.435","69.859","70.244","70.16","70.272","70.52","70.732","71.273","71.541","72.157","72.304","72.186","72.189","71.921","71.739","71.549","71.488","71.207","70.99","70.968","70.944","70.758","70.888","70.806","70.86","71.044","71.199","71.418","71.612","72.124","72.622","73.094","73.433","73.412","72.982","72.394","72.02","71.911","71.793","71.767","71.869","70.5","",
"Jordania","JOR","Esperanza de vida al nacer, total (años)","SP.DYN.LE00.IN","52.617","53.671","54.658","55.575","56.559","57.415","57.869","59.01","59.752","60.444","59.87","61.612","62.349","62.908","63.434","63.961","64.49","64.981","65.436","65.851","66.259","66.714","67.154","67.555","67.925","68.26","68.567","68.884","69.252","69.57","69.854","70.093","70.316","70.518","70.699","70.87","71.064","71.272","71.474","71.694","71.918","72.147","72.359","72.573","72.772","72.932","73.145","73.373","73.591","73.801","74","74.189","74.366","74.562","74.789","75.011","75.215","75.502","75.774","76.044","75.184","74.256","",
"Japón","JPN","Esperanza de vida al nacer, total (años)","SP.DYN.LE00.IN","67.6956097560976","68.3519512195122","68.6348780487805","69.7124390243902","70.2065853658537","70.2668292682927","70.9158536585366","71.4660975609756","71.6109756097561","71.8580487804878","71.919756097561","72.8090243902439","73.1536585365854","73.2951219512195","73.6721951219512","74.2470731707317","74.6865853658537","75.2558536585366","75.5846341463415","76.1087804878049","75.9890243902439","76.3948780487805","76.8736585365854","76.9219512195122","77.2912195121951","77.5604878048781","78.0104878048781","78.429512195122","78.349756097561","78.7685365853659","78.8370731707317","79.0368292682927","79.080243902439","79.3036585365854","79.6968292682927","79.5360975609756","80.219756097561","80.4241463414634","80.5014634146342","80.4609756097561","81.0760975609756","81.4163414634146","81.6907317073171","81.76","82.030243902439","81.9551219512195","82.3219512195122","82.5070731707317","82.5875609756098","82.9314634146342","82.8426829268293","82.5912195121951","83.0960975609756","83.3319512195122","83.5878048780488","83.7939024390244","83.9848780487805","84.099756097561","84.2109756097561","84.3563414634146","84.56","84.4456097560976","",
"Kazajstán","KAZ","Esperanza de vida al nacer, total (años)","SP.DYN.LE00.IN","58.370512195122","58.5030731707317","58.621756097561","58.944512195122","59.1574878048781","59.4616829268293","59.6992195121951","59.8734146341464","59.9983658536585","60.1911707317073","60.4229756097561","60.6475609756098","60.9949512195122","61.2773902439024","61.5249756097561","61.7906097560976","61.6403414634146","61.853","62.0656097560976","62.2545853658537","66.6243902439025","66.7060975609756","66.7878048780488","67.6621951219512","68.5365853658537","68.5365853658537","68.9134146341463","69.290243902439","68.8487804878049","68.290243902439","68.3365853658537","67.6","67.4","65.4","64.9","63.5","63.6","64","64.5","65.63","65.45","65.76","65.95","65.74","66.06","65.86","66.15","66.34","67.11","68.39","68.45","68.69","69.52","70.62","71.44","71.97","72.41","72.95","73.15","73.18","71.37","70.23","",
"Kenya","KEN","Esperanza de vida al nacer, total (años)","SP.DYN.LE00.IN","48.68","49.533","50.224","50.808","51.328","51.7","52.097","52.455","52.781","53.169","53.575","54.258","55.012","55.677","55.634","55.826","55.895","56.486","56.944","57.722","58.501","61.165","60.953","61.012","60.804","60.58","60.216","60.044","59.539","59.04","58.614","58.005","57.259","56.617","56.273","55.617","55.161","54.816","54.526","54.495","54.411","54.508","54.99","55.601","56.361","57.344","58.222","58.865","59.614","60.365","60.649","61.046","61.115","61.389","61.816","61.892","62.163","62.481","62.676","62.943","62.675","61.427","",
"Kirguistán","KGZ","Esperanza de vida al nacer, total (años)","SP.DYN.LE00.IN","55.0830243902439","55.3209512195122","55.6489268292683","55.9769512195122","56.1803414634146","56.4094878048781","56.8101463414634","57.0343170731707","57.3574634146341","57.6715365853659","58.0053170731707","58.3039268292683","58.614756097561","58.9906829268293","59.3270487804878","59.461756097561","59.6655853658537","60.039756097561","60.3756097560976","60.7950243902439","61.0814634146342","61.3491951219512","61.6744390243903","62.1770731707317","62.4211951219512","63.019512195122","63.3304146341463","63.6604390243902","63.9173902439024","67.9073170731707","68.2975609756098","68.5512195121951","68.1024390243903","67.1926829268293","66.0390243902439","65.790243902439","66.5439024390244","66.8926829268293","67.0512195121951","68.6560975609756","68.5585365853659","68.7073170731707","68.1560975609756","68.2560975609756","68.1536585365854","67.9560975609756","67.6951219512195","67.8951219512195","68.4512195121951","69.1024390243903","69.3","69.6024390243903","70.0024390243902","70.2024390243902","70.4024390243902","70.6512195121951","70.9512195121951","71.2","71.4","71.6","71.8","71.9","",
"Camboya","KHM","Esperanza de vida al nacer, total (años)","SP.DYN.LE00.IN","42.361","42.792","43.316","43.898","44.398","44.789","45.363","45.514","45.793","46.241","39.129","39.507","40.224","40.024","39.803","11.995","12.013","28.91","36.982","42.279","47.57","48.18","48.736","49.485","50.235","51.041","51.506","53.454","54.276","54.798","55.434","55.793","56.021","56.08","56.035","56.308","56.346","56.743","57.028","57.69","58.625","59.966","61.226","62.523","63.552","64.293","65.059","65.731","66.47","67.444","67.712","68.416","68.915","69.304","69.736","69.873","70.224","70.515","70.561","70.692","70.416","69.584","",
"Kiribati","KIR","Esperanza de vida al nacer, total (años)","SP.DYN.LE00.IN","47.873","48.381","48.96","49.624","50.323","51.038","51.779","52.524","53.22","53.88","54.527","55.097","55.476","55.971","56.266","56.471","56.628","56.032","56.91","57.083","57.286","57.495","57.718","57.985","58.266","58.591","58.97","59.412","59.904","60.408","60.917","61.422","61.893","62.321","62.697","63.014","63.291","63.575","63.854","64.136","64.409","64.655","64.84","64.954","64.989","64.967","64.906","64.844","64.834","64.892","65.016","65.19","65.378","65.588","65.815","66.059","66.332","66.597","66.855","67.15","67.266","67.417","",
"Saint Kitts y Nevis","KNA","Esperanza de vida al nacer, total (años)","SP.DYN.LE00.IN","55.909","55.818","57.183","58.608","59.037","59.593","60.022","60.504","60.795","60.824","61.291","60.747","60.187","60.275","61.722","63.098","63.682","63.781","63.352","63.233","63.358","63.879","64.279","64.634","65.278","65.795","65.511","65.476","65.45","64.992","65.188","66.15","66.972","67.58","67.294","67.152","67.313","67.853","67.69","68.709","69.781","70.2","70.452","70.768","71.303","71.362","71.288","71.367","71.374","71.393","71.27","71.538","71.669","71.457","70.966","70.763","71.74","71.84","71.467","71.572","71.627","71.682","",
"Corea, República de","KOR","Esperanza de vida al nacer, total (años)","SP.DYN.LE00.IN","54.320243902439","54.924","55.519512195122","55.9748780487805","57.1747804878049","58.2404878048781","59.5047073170732","61.2881219512195","61.559","62.0510243902439","62.1634146341463","62.6121951219512","63.009756097561","63.4073170731707","63.8048780487805","64.1536585365854","64.5024390243902","64.9","65.1975609756098","65.5463414634146","66.0463414634146","66.5463414634146","67.0951219512195","67.5463414634146","68.1951219512195","68.7951219512195","69.4463414634146","69.9975609756098","70.5487804878049","71.0487804878049","71.5975609756098","72.0463414634146","72.4975609756098","72.9975609756098","73.3975609756098","73.7","74.1512195121951","74.6024390243903","75.0048780487805","75.409756097561","75.909756097561","76.4121951219512","76.7658536585366","77.2146341463415","77.6658536585366","78.1682926829268","78.6682926829268","79.119512195122","79.5170731707317","79.9682926829268","80.1170731707317","80.5682926829269","80.819512195122","81.2707317073171","81.7219512195122","82.0243902439024","82.2756097560976","82.6268292682927","82.6268292682927","83.2268292682927","83.4268292682927","83.5268292682927","",
"Kuwait","KWT","Esperanza de vida al nacer, total (años)","SP.DYN.LE00.IN","56.919","58.015","59.079","60.162","61.158","62.219","63.075","63.986","64.735","65.677","66.53","67.058","67.421","67.578","67.93","67.892","68.206","68.585","69.012","69.677","70.341","71.081","71.498","72.02","72.61","73.074","73.558","74.11","74.52","74.826","73.281","74.216","75.691","75.794","75.763","75.537","75.618","75.879","76.157","76.416","76.722","76.891","76.982","76.985","76.792","76.903","76.887","77.017","77.145","77.442","77.982","78.464","78.812","79.164","79.445","79.562","79.701","79.781","79.722","79.685","76.92","78.673","",
"América Latina y el Caribe (excluido altos ingresos)","LAC","Esperanza de vida al nacer, total (años)","SP.DYN.LE00.IN","54.5053019970668","55.0554752716888","55.5363636381171","55.9990282332469","56.4798371827708","56.8635302359949","57.29173343994","57.6559692755129","58.0163720108001","58.3822350227758","58.3907900726024","59.2547016912105","59.6574673477257","60.1730720544269","60.5683807868571","61.0785550395267","61.3310659875039","61.8776359195786","62.2415809091295","62.6061236688413","63.044250974479","63.5124238639036","63.8497995481973","64.4424261701836","64.8699971747455","65.1925411195525","65.7981700017173","66.2372848360064","66.6812783430834","67.0564811600468","67.352746006945","67.6938431531169","68.0396806721179","68.3885480143238","68.7949221149947","69.1184808290653","69.5214021387294","69.8633317199941","70.137904846474","70.5935495638684","70.8961137770509","71.2442018958881","71.5262528968929","71.7690002506401","72.0806838555585","72.4617194148831","72.6856595741534","72.8365532420551","73.0940270062784","73.2990141099242","73.1706208058919","73.6849821670808","73.9284238185043","74.181896148609","74.4196086792737","74.4637996016462","74.4635747870677","74.6348369615132","74.7639872824986","74.9540052470215","72.8304133374647","71.8989019226457","",
"República Democrática Popular Lao","LAO","Esperanza de vida al nacer, total (años)","SP.DYN.LE00.IN","40.79","41.066","42.009","41.332","41.649","42.056","42.096","42.617","42.984","43.21","43.563","43.983","44.249","44.477","45.532","45.892","45.603","45.973","46.207","46.966","48.082","48.73","49.404","49.957","50.535","51.108","51.699","52.152","52.731","53.252","53.713","54.46","54.952","55.435","55.749","56.385","56.891","57.292","57.665","57.873","58.378","59.07","59.534","60.031","60.293","60.98","61.493","62.084","62.603","63.273","63.973","64.736","65.355","65.718","66.361","66.67","67.167","67.434","67.634","68.138","68.497","68.061","",
"Líbano","LBN","Esperanza de vida al nacer, total (años)","SP.DYN.LE00.IN","64.841","65.29","65.397","65.668","65.953","66.065","66.159","66.519","66.607","66.697","66.759","66.823","66.907","67.229","67.294","58.128","33.737","59.284","59.382","59.467","59.665","59.915","45.128","59.955","60.304","60.486","60.965","61.428","61.718","64.163","64.475","71.176","71.192","71.382","71.681","72.043","72.293","72.778","72.944","73.49","73.931","74.365","75.064","75.593","75.976","76.273","76.08","77.08","77.584","77.889","78.156","78.404","78.628","78.765","78.973","79.229","79.505","79.654","79.729","79.236","77.804","75.047","",
"Liberia","LBR","Esperanza de vida al nacer, total (años)","SP.DYN.LE00.IN","38.33","38.333","38.402","38.473","38.607","38.812","39.081","39.427","39.764","40.193","40.599","40.94","41.482","41.91","42.383","42.774","43.183","43.619","44.046","44.349","44.631","44.983","45.204","45.383","45.436","44.664","45.005","44.528","43.993","43.451","36.688","42.795","42.738","42.166","41.796","43.917","44.419","47.847","48.901","49.953","51.356","52.752","53.788","53.042","56.013","56.912","57.62","58.285","58.772","59.194","59.433","59.62","59.913","59.943","59.121","59.148","60.416","60.553","60.853","61.104","60.948","60.747","",
"Libia","LBY","Esperanza de vida al nacer, total (años)","SP.DYN.LE00.IN","40.268","42.063","43.843","45.305","47.142","48.657","50.132","51.39","52.712","53.996","55.189","56.337","57.49","58.287","59.588","60.81","62.06","62.786","63.567","64.26","64.891","65.364","65.807","66.41","66.872","67.29","67.774","68.196","68.622","68.99","69.423","69.82","70.232","70.42","70.706","71.09","71.284","71.129","71.079","71.058","70.68","70.861","71.004","71.132","71.49","71.592","71.724","71.863","72.269","72.356","72.374","70.071","72.247","72.34","71.511","71.698","71.756","72.482","72.794","72.463","72.472","71.911","",
"Santa Lucía","LCA","Esperanza de vida al nacer, total (años)","SP.DYN.LE00.IN","55.724","56.993","58.041","58.889","59.966","60.883","61.796","62.687","63.512","63.85","64.267","64.548","64.648","64.831","65.564","65.921","66.256","66.887","67.332","67.359","67.7","68.467","69.052","69.91","70.376","70.117","70.281","70.005","70.053","70.215","70.326","70.602","70.799","71.114","70.992","71.002","70.904","70.775","70.69","70.709","70.768","71.135","71.472","71.771","72.028","72.245","72.465","72.599","72.698","72.722","72.72","72.944","72.882","72.735","72.864","73.138","73.112","73.127","73.357","73.445","73.416","71.111","",
"América Latina y el Caribe","LCN","Esperanza de vida al nacer, total (años)","SP.DYN.LE00.IN","55.1538790352586","55.69794806684","56.1452987193846","56.5653370372813","57.0733658816551","57.4708383402291","57.8861181105356","58.2729562292188","58.649825998075","59.0012885241073","59.0736005220953","59.8849471652963","60.2516002153107","60.7976876363746","61.2172785174568","61.7475818461984","61.9835416356617","62.5467308320956","62.9148417276927","63.2614466817255","63.6861631788072","64.1735062002419","64.5057573467189","65.0534187467832","65.4641838990577","65.7810798271604","66.3735182089267","66.7934834562672","67.2010589830666","67.5389234424345","67.8242017089922","68.177442032764","68.5058502230062","68.8313905696675","69.2081417651726","69.5185307320192","69.8922949039879","70.2526424401747","70.5065295575272","70.9113546468657","71.2284362721062","71.487118219397","71.8368420199417","72.0215493356834","72.343865150839","72.7146392232256","72.9242126806451","73.0656853232916","73.2878272128666","73.4919570166808","73.385642956432","73.8715444402344","74.0973427016933","74.346485387839","74.5506477009282","74.6119695820582","74.5792328754221","74.7334935009884","74.8514987823089","75.0383494699308","73.0384740243916","72.1474457362807","",
"Países menos desarrollados: clasificación de las Naciones Unidas","LDC","Esperanza de vida al nacer, total (años)","SP.DYN.LE00.IN","41.2214725472006","41.6513098876064","42.151073951569","42.2749032466639","43.001477189231","42.9727840305976","43.3562834329862","43.9554444330973","44.3180691577678","44.5607441338545","43.2402691440971","40.0580351996281","45.0434590597878","45.6261313536264","45.5646089689229","45.4796135737512","46.0990534435371","46.8166959071951","47.136140073428","47.62350557222","48.0874276791119","48.4204967539476","48.7078461792011","47.9818968118806","48.0511685880618","48.4215147088672","49.0647932101542","49.630850770387","49.4467177595645","50.4471831280878","50.7024031175749","50.4206347731506","51.073887544835","51.6193080570978","52.2984568959124","52.8058547017889","52.9543081518768","53.660976244847","53.9606510287521","55.204208572416","55.7928018136001","56.2735989338454","56.748222832941","57.3308531639038","57.8106272580459","58.3467202621855","58.9450600956754","59.3743552240617","59.5138913442082","60.5056546063874","60.966303977973","61.6860592480371","62.2606485016611","62.7039466809435","63.1234003576263","63.4957831265039","64.0195864491196","64.4144671749539","64.8184998502238","65.1555737455538","64.6347427935938","64.2158675035077","",
"Países de ingreso bajo","LIC","Esperanza de vida al nacer, total (años)","SP.DYN.LE00.IN","41.3911965974678","41.7125802689447","42.0643113875578","42.1876114965708","42.793951706272","42.850550787132","42.679436883072","43.3895280659336","43.716498615468","43.9388443955371","44.2374752649677","44.6669888572837","44.4668684823197","45.2268137391587","45.2336922322918","45.4975453439094","46.1518684720509","46.4534649904747","46.5363196794407","46.948018990145","47.3615590447782","47.6703533021967","47.9006967221939","46.3960554136318","46.1826403424964","46.5689478288068","47.4622055731684","48.0097275742278","47.5153422081716","48.9741562493125","48.9599897040587","48.8834336375788","48.7129287604672","49.4181018067228","50.0515928689116","49.6975643828216","49.782044197553","50.1881621847274","49.7433962649416","50.8711434601427","51.7901483018337","52.1858918821364","52.7543293179157","53.8175525310814","54.3400948775677","54.9969814327029","55.8570123026877","56.5210973022708","57.1574816819599","57.9417974194626","58.267214624245","59.2645475525861","59.9090212193358","60.4886214589523","60.9736676050511","61.4128809976106","61.9413742848034","62.3101088695266","62.7249018584199","63.0934479291073","62.6118200920998","62.0947639485769","",
"Liechtenstein","LIE","Esperanza de vida al nacer, total (años)","SP.DYN.LE00.IN","","","","","","","","","","","","","","","","","","","","","","","","","","","","","","","","","","","78.4219512195122","77.390243902439","76.8365853658537","76.0463414634146","77.7463414634146","79.109756097561","76.8268292682927","79.2756097560976","79.6365853658537","79.9609756097561","81.7707317073171","80.6682926829268","80.9487804878049","81.2951219512195","82.6829268292683","81.5","81.8414634146342","81.7926829268293","82.3829268292683","82.2609756097561","82.0731707317073","82.6560975609756","82.2585365853659","83.7463414634147","83.0414634146342","84.1609756097561","81.6585365853659","84.4024390243902","",
"Sri Lanka","LKA","Esperanza de vida al nacer, total (años)","SP.DYN.LE00.IN","60.699","61.328","61.733","61.976","62.174","62.637","63.055","63.51","63.777","63.993","65.267","65.922","65.828","65.939","65.999","66.237","66.513","66.551","67.566","68.13","68.661","69.212","69.674","70.068","70.649","70.969","71.421","71.457","71.549","69.761","71.927","71.751","72.53","73.052","72.882","72.26","72.261","72.136","72.081","72.618","70.355","70.787","71.117","71.373","67.091","72.118","71.969","72.049","71.729","69.187","73.215","73.38","73.906","74.239","74.651","74.927","75.331","75.403","75.748","76.008","76.393","76.399","",
"Países de ingreso mediano bajo","LMC","Esperanza de vida al nacer, total (años)","SP.DYN.LE00.IN","46.849984750634","47.2298779235829","47.6133441838592","47.9814000047552","48.427962740843","47.3682850893333","48.2834404465651","48.7851098256407","49.6892963263197","50.1203662974533","50.1377659816017","49.4494244297973","51.1557815774545","51.7252136923359","52.1555056586977","52.7716465757765","53.2845474139798","53.8971499846203","54.364591265523","54.9030792395721","55.4031308074489","55.8346181891191","56.3088880079825","56.806919367887","57.2975568808414","57.7297966113246","58.1734980981164","58.5397199937196","58.902024500155","59.3127516799609","59.6401856310926","59.868584114816","60.2774200986341","60.519003234829","60.7727012163662","61.0455817470238","61.3265997689825","61.7210265017705","62.1358087380251","62.6108467730994","62.8981669467706","63.2290044325162","63.6417651661855","63.9764908362882","64.1477912783872","64.6388900595843","65.0219347832879","65.2965252286073","65.4533907038118","65.8772601840326","66.2316810895531","66.6496521359286","67.0279039612872","67.4154331692241","67.8283834976265","68.2001551147756","68.5564558759308","68.8624325798876","69.1132667179179","69.3074143319535","68.6352093572576","67.0220547033","",
"Ingreso mediano y bajo","LMY","Esperanza de vida al nacer, total (años)","SP.DYN.LE00.IN","44.7948110591858","47.2799087753227","50.5141771919328","50.9475813796813","51.4960933596147","51.2735750467043","51.9332892944513","52.4365744316543","53.1062424982643","53.5290782277142","53.8898426062051","54.0029418647141","55.0582807225482","55.7019125501317","56.173567554256","56.7080349012678","57.2641169957236","57.825568141706","58.2832345545078","58.7645854727368","59.2144134399381","59.6277926280571","60.0377220943651","60.3575662795667","60.7053545983199","61.0825871287077","61.5531097778994","61.9019638578911","62.1230051706121","62.5203866785799","62.7222845205343","62.884683789844","63.1705779617649","63.4045069663831","63.6660734430968","63.9089858858793","64.1750326171858","64.5410328387977","64.8563795916692","65.2026849019088","65.5360493053394","65.9252206426817","66.2440323572703","66.5724710707767","66.8055379621299","67.2037640569958","67.6016162675967","67.8826566917262","68.0693210325331","68.4977217750748","68.7976759434978","69.1666180065672","69.4898709549622","69.8180605894784","70.1483513743948","70.4400621404165","70.7259190719193","70.9678970603794","71.2517426502746","71.455272261769","70.7635423594855","69.7186315466309","",
"Lesotho","LSO","Esperanza de vida al nacer, total (años)","SP.DYN.LE00.IN","50.364","50.429","50.409","50.263","50.189","50.057","50.148","50.247","50.431","50.702","51.012","51.293","51.722","52.12","52.372","52.987","53.487","54.045","54.669","55.338","56.058","56.902","57.565","58.094","58.635","59.104","59.455","59.495","59.62","59.531","59.398","59.193","58.555","57.991","58.018","56.723","55.232","53.594","51.783","50.081","48.427","46.849","45.595","44.53","43.711","43.233","42.914","43.123","43.566","44.034","45.596","46.692","47.835","49.002","50.033","51.101","52.264","53.064","53.733","54.173","54.693","53.062","",
"avanzada del dividendo demográfico","LTE","Esperanza de vida al nacer, total (años)","SP.DYN.LE00.IN","43.8356196328104","48.5167495021372","54.7882485673727","55.2687024042943","55.9110782199958","56.3933521385046","56.9040453500871","57.3235595162512","57.6903576098116","58.1401597653668","58.889815625576","59.5997650687767","60.0914859432001","60.9023764095167","61.4530437193903","62.1614734407659","62.7828265619576","63.3821014834612","63.9118489867547","64.40248586534","64.8764070264117","65.3879493427917","65.8253423035108","66.2036034379963","66.5190683220525","66.856519235648","67.3413243405132","67.6520785012081","67.8808762628159","68.1152495327107","68.2536594291679","68.4002421362783","68.7018609471482","68.9385294015789","69.1435965992709","69.4091761554414","69.759104673244","70.1833003762535","70.6119076909686","70.763036499313","71.0786748491683","71.6240756891052","71.9214639558111","72.3339520159362","72.6380855563125","73.0314780242272","73.4510261323619","73.743459066663","73.9213424056777","74.3333143239422","74.6153739804093","74.9493923561894","75.226664263909","75.5213317066979","75.7908654534707","76.0131449870926","76.2581617138085","76.4003640305615","76.7706344019779","76.9929067424732","76.7229068157996","76.342110106899","",
"Lituania","LTU","Esperanza de vida al nacer, total (años)","SP.DYN.LE00.IN","69.8473170731707","70.1026829268293","69.0953658536585","70.2043902439024","71.5090243902439","71.3251219512195","71.520243902439","71.6039024390244","71.3136585365854","70.9285365853659","70.8043902439024","71.7353658536585","71.0246341463415","71.3321951219512","71.2441463414634","70.8673170731707","70.9580487804878","70.809512195122","70.6046341463415","70.4821951219512","70.4821951219512","70.4607317073171","70.8368292682927","70.7778048780488","70.32","70.5012195121951","72.0807317073171","71.9346341463415","71.7621951219512","71.4253658536585","71.1607317073171","70.3641463414634","70.2343902439025","68.9104878048781","68.530243902439","69.0063414634147","70.1080487804878","70.9090243902439","71.219512195122","71.5707317073171","72.0195121951219","71.6585365853659","71.7609756097561","72.0609756097561","71.9609756097561","71.2536585365854","71.0560975609756","70.9","71.8121951219512","72.9146341463415","73.2682926829268","73.5634146341464","73.8634146341464","73.9146341463415","74.5170731707317","74.3219512195122","74.6707317073171","75.4804878048781","75.6804878048781","76.2829268292683","74.9780487804878","74.3390243902439","",
"Luxemburgo","LUX","Esperanza de vida al nacer, total (años)","SP.DYN.LE00.IN","68.5925365853659","69.2668292682927","68.1051707317073","68.7219268292683","69.3916829268293","69.0254146341464","69.1756341463415","69.2340243902439","69.6624390243903","69.4807073170732","69.5932195121951","69.195243902439","70.3215853658537","70.2403658536585","70.1571707317073","70.2986097560976","69.9751463414634","71.4586585365854","71.4958048780488","72.3307804878049","72.2068048780488","72.369756097561","72.6503414634146","72.7811219512195","73.0532195121951","73.5341951219512","73.995512195122","74.0760975609756","74.7882195121951","74.5662682926829","75.4383170731707","75.4634146341463","75.7707317073171","75.7121951219512","76.3707317073171","76.5121951219512","76.519512195122","76.880487804878","77.0170731707317","77.7707317073171","77.8731707317073","77.8243902439025","77.9658536585366","77.7268292682927","79.1219512195122","79.4317073170732","79.2878048780488","79.3829268292683","80.5390243902439","80.6365853658537","80.6317073170732","80.9878048780488","81.3926829268293","81.8","82.2292682926829","82.2926829268293","82.6853658536585","82.0951219512195","82.2951219512195","82.6390243902439","82.1439024390244","82.7487804878049","",
"Letonia","LVA","Esperanza de vida al nacer, total (años)","SP.DYN.LE00.IN","69.7868292682927","70.0324390243903","69.430487804878","69.8290243902439","71.0280487804878","70.7265853658537","70.7073170731707","70.3939024390244","70.0429268292683","69.7968292682927","69.8353658536586","70.1646341463415","69.8787804878049","69.8134146341464","69.7409756097561","68.9253658536585","69.0478048780488","69.1046341463415","68.9878048780488","68.4956097560976","68.8085365853659","68.7863414634146","69.3282926829268","69.1190243902439","69.1629268292683","69.2914634146342","70.6224390243903","70.6929268292683","70.6153658536585","70.1553658536586","69.2731707317073","69.0324390243903","68.3960975609756","66.7226829268293","65.6643902439025","66.3912195121951","68.7765853658537","69.3492682926829","69.0121951219512","69.7429268292683","70.3146341463415","70.7609756097561","70.9609756097561","71.2658536585366","72.0268292682927","71.3560975609756","70.8658536585366","71.019512195122","72.419512195122","73.0804878048781","73.4829268292683","73.5756097560976","73.7780487804878","73.9829268292683","74.1243902439024","74.4804878048781","74.580487804878","74.6292682926829","74.7829268292683","75.3878048780488","75.1853658536585","73.2829268292683","",
"Región Administrativa Especial de Macao, China","MAC","Esperanza de vida al nacer, total (años)","SP.DYN.LE00.IN","64.965","65.485","65.946","66.386","66.8","67.199","67.647","68.028","68.44","68.845","69.198","69.582","70.044","70.568","70.995","71.419","71.85","72.263","72.69","73.07","73.504","73.932","74.342","74.703","75.08","75.478","75.862","76.272","76.603","77.035","77.424","77.904","78.28","78.63","78.993","79.349","79.971","80.162","80.352","80.652","80.959","81.179","81.293","81.501","81.691","82.033","82.257","82.543","82.893","83.276","83.109","83.229","83.326","83.727","83.883","83.984","84.231","84.563","84.928","84.978","85.184","85.399","",
"Isla de San Martín (parte francesa)","MAF","Esperanza de vida al nacer, total (años)","SP.DYN.LE00.IN","67.865","67.704","68.387","69.384","69.495","68.489","69.541","70.031","70.002","70.733","71.569","71.453","71.631","71.82","71.961","72.118","72.226","72.235","72.302","72.387","72.487","72.665","73.018","72.624","72.795","72.617","73.449","73.581","74.226","74.233","74.463","75.917","75.327","75.483","75.654","75.821","75.98","76.154","76.326","76.502","76.663","76.847","77.031","77.206","77.384","77.555","77.726","77.892","78.068","78.236","78.406","78.827","79.022","78.908","79.966","79.309","79.475","78.59","80.614","79.983","80.149","80.379","",
"Marruecos","MAR","Esperanza de vida al nacer, total (años)","SP.DYN.LE00.IN","42.017","43.795","44.297","44.82","45.392","45.973","46.562","47.19","47.778","48.315","48.807","49.243","49.719","50.171","50.673","51.244","51.936","52.704","53.499","54.351","55.219","56.036","56.897","57.724","58.49","59.286","60.041","60.711","61.32","61.899","62.448","62.946","63.401","63.872","64.346","64.736","65.238","65.629","66.018","66.406","66.787","67.18","67.547","67.915","68.231","68.704","69.128","69.604","70.048","70.458","70.829","71.269","71.679","72.122","72.538","72.92","73.284","73.66","73.986","74.27","73.92","74.042","",
"Mónaco","MCO","Esperanza de vida al nacer, total (años)","SP.DYN.LE00.IN","","","","","","","","","","","","","","","","","","","","","","","","","","","","","","","","","","","","","","","","","","","","","","","","","","","","","","","","","","","","","","","",
"República de Moldova","MDA","Esperanza de vida al nacer, total (años)","SP.DYN.LE00.IN","61.074","61.446","61.922","62.355","62.81","63.152","63.392","63.606","63.745","63.873","63.885","63.799","63.949","64.163","64.211","64.348","64.496","64.506","64.523","64.807","65.173","65.613","66.179","65.684","65.68","65.688","67.635","68.121","68.159","68.673","68.067","66.977","66.96","66.543","65.07","65.099","64.241","65.172","65.505","65.561","66.417","66.787","66.938","67.419","67.861","68.169","68.479","68.947","69.394","69.573","69.357","69.192","69.143","69.099","69.031","69.24","69.917","70.516","70.492","70.935","70.166","68.846","",
"Madagascar","MDG","Esperanza de vida al nacer, total (años)","SP.DYN.LE00.IN","43.241","43.636","44.056","44.448","44.87","45.222","45.573","46.026","46.521","47.016","47.507","47.889","48.337","48.825","49.218","49.527","49.666","49.757","49.813","49.851","49.821","49.727","49.633","49.566","49.545","49.638","49.806","50.209","50.594","51.107","51.701","52.357","53.039","53.906","54.436","54.961","55.522","56.223","56.917","57.372","57.938","58.57","58.892","59.491","60.149","60.57","61.315","61.757","62.142","62.734","62.873","63.494","63.544","63.962","64.255","64.339","64.997","65.094","65.27","65.882","65.182","64.485","",
"Maldivas","MDV","Esperanza de vida al nacer, total (años)","SP.DYN.LE00.IN","38.529","38.982","39.458","40.071","40.722","41.383","42.055","42.771","43.554","44.275","45.068","46.125","47.112","48.214","49.359","50.519","51.592","52.632","51.105","54.676","55.621","56.421","57.296","58.09","58.916","59.749","60.517","61.31","62.132","62.847","63.578","64.304","65.007","65.739","66.511","67.476","68.702","69.225","69.572","70.088","70.876","72.181","73.291","74.06","73.538","74.751","75.13","75.686","76.543","77.069","77.657","78.124","78.682","79.057","79.424","79.695","79.872","79.943","80.013","80.116","79.875","79.918","",
"Oriente Medio y Norte de África","MEA","Esperanza de vida al nacer, total (años)","SP.DYN.LE00.IN","44.7575728227675","46.0108571796703","46.3215425005971","46.9078689647552","47.5855612595477","48.1975181930748","49.2249659382363","49.699264935943","50.1352772268416","50.7467927020495","51.3409291205308","52.0360078890781","52.6073496113947","53.2215133099682","54.0367093659604","54.6619913311596","55.1449263800662","56.4106530221852","56.976034194739","58.1652936801502","58.5710060860009","58.5153262960788","59.0014181757988","60.4897105811602","61.7276154120935","62.501823785732","63.0592015277266","63.7548651360502","64.1206786802142","65.0399400257224","65.0632720470454","66.2022315339596","66.7719829247434","67.1008997973969","67.2954363064383","67.6074566024281","67.9936675734218","68.2615941736509","68.4964309550796","68.9193952041815","69.2821780682104","69.6311315403224","69.9765924524348","69.8601811862713","70.3384398627153","70.6309307908833","70.8402881373532","71.1803591602098","71.4663911342211","71.8198069070667","72.1063833194012","72.3722852310438","72.2846780246289","72.3442426683639","72.6238633901154","72.8895160840123","73.1525218426913","73.6097428540992","73.8115171255443","73.9591150111936","72.9497683319316","72.7459067417958","",
"México","MEX","Esperanza de vida al nacer, total (años)","SP.DYN.LE00.IN","55.017","55.831","56.599","57.31","57.947","58.499","58.981","59.42","59.835","60.25","60.69","61.155","61.614","62.055","62.459","62.81","63.123","63.434","63.778","64.189","64.703","65.313","65.975","66.644","67.29","67.874","68.388","68.844","69.253","69.623","69.971","70.298","70.616","70.942","71.279","71.646","72.037","72.445","72.845","73.225","73.569","73.867","74.106","74.274","74.372","74.376","74.331","74.238","74.152","74.119","74.19","74.365","74.574","74.739","74.797","74.682","74.412","74.138","74.015","74.202","70.133","70.213","",
"Islas Marshall","MHL","Esperanza de vida al nacer, total (años)","SP.DYN.LE00.IN","53.821","54.316","54.928","55.515","56.049","56.564","57.052","57.515","57.919","58.227","58.538","58.934","59.352","59.747","60.081","60.297","60.486","60.633","60.742","60.874","61.015","61.18","61.403","61.673","61.93","62.108","62.161","62.137","62.161","62.19","62.176","62.282","62.383","62.476","62.558","62.774","63.034","63.225","63.364","63.48","63.275","63.642","63.719","63.745","63.695","63.585","63.489","63.36","63.236","63.23","63.226","63.256","63.373","63.464","63.623","63.827","64.057","64.27","64.5","64.746","64.977","65.269","",
" Ingreso mediano","MIC","Esperanza de vida al nacer, total (años)","SP.DYN.LE00.IN","45.0419729691039","47.6758786742526","51.1111716871364","51.5630844848006","52.1070037304236","51.8644206145475","52.5803965551766","53.0688647946525","53.7604273230462","54.1935498610839","54.5575277790493","54.6466631678057","55.7894478629233","56.4289692181656","56.9293882093673","57.4851737682359","58.0356270029211","58.6179070331091","59.0979157996599","59.58942429493","60.0494114629546","60.4757399964424","60.9112742508129","61.3493517296919","61.7426952789801","62.1273273257419","62.5799366428185","62.9102349937625","63.1886132590031","63.5090971955223","63.7300829756975","63.9133438092743","64.2417250413846","64.447851808642","64.6886981729101","64.9848612481762","65.2769866698996","65.6498087326794","66.0395089236106","66.3300131011534","66.6239781225273","67.0160278501476","67.3366124176837","67.6152055368212","67.840298249305","68.2355367419962","68.6083599046668","68.8685596762979","69.0323917456287","69.4474767253294","69.7399748265928","70.1019503802792","70.4442490872843","70.7787159999846","71.1149555307136","71.4092581175294","71.6838248193606","71.9224321320759","72.2129215909986","72.4074802647561","71.7065381190277","70.6101655984376","",
"Macedonia del Norte","MKD","Esperanza de vida al nacer, total (años)","SP.DYN.LE00.IN","56.2230487804878","57.7998292682927","57.5233414634146","56.6993414634146","58.9859268292683","60.0019268292683","61.9598536585366","62.1278536585366","62.8637804878049","63.0265609756098","63.7193902439024","64.6176097560976","65.5491463414634","65.9361219512195","66.592","66.9877804878049","67.7455609756098","68.4434390243903","69.3591463414634","69.6502195121951","69.2471219512195","69.8104878048781","69.9555609756098","69.4826829268293","70.021756097561","70.0820731707317","70.383","70.3766097560976","70.8194390243902","71.1368292682927","71.2338048780488","71.8444390243903","71.2440731707317","71.9252926829268","71.6926829268293","71.8487804878049","72.4951219512195","72.4463414634146","72.2975609756098","72.790243902439","72.9463414634147","73.4365853658537","73.0390243902439","73.2414634146342","73.5975609756098","73.6975609756098","73.8951219512195","73.8","74.4","74.4463414634146","74.9975609756098","75.1","74.9024390243903","75.4","75.4512195121951","75.4024390243902","75.4","75.9536585365854","76.6487804878049","76.6024390243903","74.3951219512195","74.5368292682927","",
"Malí","MLI","Esperanza de vida al nacer, total (años)","SP.DYN.LE00.IN","29.754","29.83","29.939","30.154","30.418","30.623","30.871","31.212","31.631","32.045","32.532","32.937","33.86","34.565","35.426","36.225","37.195","38.106","39.062","39.953","40.751","41.215","41.824","42.142","42.699","43.207","43.977","44.693","45.393","45.877","46.62","47.216","47.496","47.733","47.742","47.816","47.792","48.531","49.164","49.797","50.539","51.284","52.222","52.893","53.538","54.003","54.615","54.941","55.291","55.874","56.382","56.755","57.079","57.357","57.9","58.363","58.731","59.132","59.393","59.664","58.633","58.941","",
"Malta","MLT","Esperanza de vida al nacer, total (años)","SP.DYN.LE00.IN","68.2142926829268","68.0136097560976","68.3859268292683","67.8719512195122","68.7980487804878","68.4015609756098","68.634512195122","69.0097804878049","69.6604390243902","68.8092195121951","69.0655609756098","69.2225365853659","70.7243902439024","70.4687073170732","71.5136341463415","71.5316341463415","71.4693414634147","71.6942195121951","71.7854146341463","71.8942682926829","72.039","72.5352195121951","70.8298048780488","72.5209268292683","72.8789756097561","73.0636829268293","73.6232195121951","74.506243902439","74.7100731707317","75.3041219512195","75.8799756097561","75.3554634146342","75.2771219512195","76.5993414634146","76.4998536585366","77.290243902439","77.3414634146342","77.7390243902439","77.5878048780488","77.5","78.3487804878049","78.8439024390244","78.7390243902439","78.5463414634146","79.2536585365854","79.3","79.4390243902439","79.7926829268293","79.6365853658537","80.2414634146342","81.3975609756098","80.7463414634146","80.7463414634146","81.7463414634146","82.0463414634146","81.8975609756097","82.4536585365854","82.3463414634146","82.4487804878049","82.8585365853659","82.3487804878049","82.8609756097561","",
"Myanmar","MMR","Esperanza de vida al nacer, total (años)","SP.DYN.LE00.IN","43.906","44.385","45.023","45.636","46.497","47.46","48.369","49.297","50.101","50.342","50.713","51.215","51.498","51.87","52.246","52.516","52.982","53.305","53.474","53.944","54.362","54.646","54.955","55.202","55.472","55.642","55.877","56.076","56.085","56.565","56.661","57.014","57.251","57.631","57.956","58.259","58.941","59.243","59.794","59.881","60.155","60.416","60.725","60.98","61.25","61.599","61.893","62.371","56.506","63.155","63.329","63.901","64.141","64.815","65.056","65.561","65.685","65.843","66.465","66.61","66.797","65.672","",
"Oriente Medio y Norte de África (excluido altos ingresos)","MNA","Esperanza de vida al nacer, total (años)","SP.DYN.LE00.IN","44.6211493380158","45.3369402347223","45.6107311553724","46.7715949538392","47.4438758060252","48.0462986328895","48.5578196577974","49.028916251094","49.4537525999979","50.0577122093921","50.6293034475576","51.2975120766879","51.8633094797314","52.4340550171065","53.2437565355351","53.8460063494848","54.2816584446333","55.599572709853","56.1360160424553","57.3647401973974","57.7170936442408","57.5745525212436","58.0497068161057","59.6274972863127","60.9385419986938","61.7343565229549","62.3061983013403","63.0228490216556","63.3941759476099","64.3341666348911","64.3512466818316","65.5827064622717","66.1571994891114","66.4699288396404","66.6481408535372","66.9661972240301","67.3573445540155","67.6338559939291","67.8527990951586","68.2834814735427","68.6414974738103","68.9732952175763","69.3260675196513","69.1433468828083","69.6247662656893","69.9073718191941","70.091654959821","70.4258404792105","70.6835398614076","71.0222190467391","71.2768418587679","71.5228584581609","71.3776471462326","71.4057468128264","71.7027790275536","71.9861891242774","72.2564883768439","72.7670011397562","72.9843734174748","73.1439185925959","72.1726969965726","71.8998757257437","",
"Montenegro","MNE","Esperanza de vida al nacer, total (años)","SP.DYN.LE00.IN","64.8736097560976","65.4191219512195","65.8979756097561","66.8162195121951","67.1505365853659","67.9873658536585","68.8546829268293","68.8679756097561","69.2376829268293","69.0066097560976","69.0921951219512","69.5301707317073","70.3741951219512","70.5930731707317","71.220756097561","71.174243902439","71.5699512195122","71.3515365853658","71.1449268292683","70.4828292682927","71.6091219512195","71.2397804878049","71.1811463414634","71.1316829268293","72.7682682926829","73.8543658536585","74.2454634146342","75.0944146341464","76.2375365853659","75.5379024390244","75.5668780487805","75.6826097560976","74.3653658536585","74.6332926829268","73.2455365853659","74.109","73.4630243902439","73.4790731707317","73.3142195121951","72.640756097561","73.8184878048781","74.0694146341464","73.9064878048781","73.9317317073171","74.5639512195122","73.9829268292683","73.8390243902439","74.3390243902439","75.1365853658537","75.1439024390244","75.990243902439","75.9829268292683","76.2","76.490243902439","76.4414634146341","76.4487804878049","76.4414634146341","76.4853658536585","76.8414634146342","76.6829268292683","75.9317073170732","73.8243902439024","",
"Mongolia","MNG","Esperanza de vida al nacer, total (años)","SP.DYN.LE00.IN","44.984","46.068","47.109","48.065","48.921","49.619","50.186","50.887","51.457","52.004","52.678","53.345","54.016","54.631","55.215","55.65","55.432","55.501","55.547","55.573","55.64","55.693","55.777","56.232","56.687","56.841","56.911","57.388","57.87","58.344","58.765","59.237","59.641","60.038","60.405","60.612","60.305","60.815","61.765","62.529","62.882","63.279","63.518","64.208","64.796","64.879","65.513","65.97","66.382","66.766","67.182","67.439","68.111","68.585","69.047","69.498","69.865","70.237","71.199","71.822","72.141","70.975","",
"Mariana","MNP","Esperanza de vida al nacer, total (años)","SP.DYN.LE00.IN","","","","","","","","","","","","","","","","","","","","","","","","","","","","","","","","","","","","","","","","","","","","","","","","","","","","","","","","","","","","","","","",
"Mozambique","MOZ","Esperanza de vida al nacer, total (años)","SP.DYN.LE00.IN","41.221","41.59","41.832","41.934","41.67","41.699","41.639","41.663","41.667","41.71","41.755","41.739","41.59","41.707","42.065","42.582","42.635","42.7","42.795","42.744","42.801","40.536","40.703","40.83","38.38","38.657","40.681","40.843","43.844","44.143","44.469","44.66","44.949","45.354","45.606","46.04","46.636","47.408","48.024","48.812","49.491","50.065","50.59","50.87","51.249","51.561","51.961","52.566","53.164","53.788","54.198","54.869","55.639","56.492","57.274","58.151","59.038","59.771","60.526","61.166","61.172","59.325","",
"Mauritania","MRT","Esperanza de vida al nacer, total (años)","SP.DYN.LE00.IN","44.767","45.44","46.049","46.689","47.446","48.059","48.728","49.366","50.038","50.633","51.038","51.387","51.656","51.898","52.184","52.65","52.917","53.37","53.855","54.474","55.061","55.662","56.275","56.682","57.16","57.575","57.992","58.581","59.141","59.322","59.77","59.936","60.261","60.379","60.336","60.259","60.063","60.452","60.609","60.819","61.028","61.185","61.268","61.347","61.593","61.656","61.891","62.228","62.399","62.8","63.105","63.346","63.578","63.911","64.155","64.485","64.768","65.083","65.31","65.687","64.532","64.364","",
"Mauricio","MUS","Esperanza de vida al nacer, total (años)","SP.DYN.LE00.IN","55.4665365853659","56.5219756097561","57.4912926829268","58.3532195121951","59.14","59.5678536585366","59.1501951219512","58.3205365853659","58.6668048780488","59.855","61.0003658536585","60.9889756097561","60.7334634146342","61.0567073170732","61.643756097561","62.3558048780488","62.8667804878049","63.7620975609756","64.5939268292683","65.3064390243902","65.8164878048781","66.5479512195122","67.034756097561","67.2856341463415","67.3439024390244","67.4906341463415","67.7710487804878","68.0969756097561","68.3612195121951","68.95","69.4048780487805","69.9560975609756","70.0585365853659","70.1073170731707","70.1585365853659","70.3258536585366","70.3229268292683","70.4048780487805","70.6073170731707","70.9609756097561","71.6634146341463","71.7658536585366","71.9658536585366","72.1170731707317","72.2658536585366","72.4321951219512","72.4321951219512","72.5707317073171","72.5707317073171","72.8824390243903","72.9673170731707","73.2668292682927","73.8634146341464","74.0170731707317","74.1943902439024","74.3531707317073","74.3948780487805","74.5146341463415","74.4163414634146","74.2358536585366","74.1770731707317","73.680243902439","",
"Malawi","MWI","Esperanza de vida al nacer, total (años)","SP.DYN.LE00.IN","35.199","35.326","35.654","35.618","35.692","35.724","35.866","35.897","36.036","36.321","36.731","37.239","37.904","38.544","39.271","40.222","41.227","42.233","43.29","44.268","45.094","45.701","45.991","46.038","45.579","44.947","44.343","43.811","43.383","43.34","43.323","43.312","43.413","43.388","43.561","43.641","43.441","43.131","42.848","43.568","44.518","45.895","47.221","48.79","50.453","52.044","53.238","53.946","54.604","55.448","56.381","57.455","58.679","59.729","60.899","61.378","62.209","62.977","63.276","64.119","63.717","62.904","",
"Malasia","MYS","Esperanza de vida al nacer, total (años)","SP.DYN.LE00.IN","56.502","57.434","58.404","59.26","60.063","60.95","61.375","61.797","62.194","62.644","63.111","63.584","64.083","64.62","65.209","65.712","66.277","66.811","67.285","67.762","68.245","68.852","69.24","69.567","69.937","70.318","70.458","70.666","70.896","71.117","71.307","71.442","71.526","71.826","72.163","72.384","72.327","72.284","72.168","72.283","72.775","73.344","73.563","73.796","73.898","74.096","74.164","74.211","74.25","74.227","74.442","74.746","74.944","75.035","75.146","75.094","75.289","75.476","75.644","75.76","75.938","74.884","",
"América del Norte","NAC","Esperanza de vida al nacer, total (años)","SP.DYN.LE00.IN","69.8929953078739","70.3666080570542","70.231254355798","70.0489507157528","70.3125865277974","70.3664761754079","70.3764340035747","70.7138232038936","70.1758488669922","70.6941650129021","70.9852823705192","71.2904768502324","71.3259538934659","71.5295295837229","72.0796677454948","72.6935881991439","72.9529639804824","73.349134015993","73.4700371388448","73.9078093467079","73.7550313174667","74.1548971344144","74.4942475523425","74.6196276006958","74.7365958760914","74.7359287382499","74.7956330784671","74.9637399442015","74.9725305107757","75.2266268680458","75.4363062579297","75.5879516717528","75.8378374089233","75.6464214971277","75.8426434629848","75.8555069682419","76.2444401602035","76.6255628092848","76.7824593496004","76.8050240008921","76.885154425386","77.088596040168","77.1922992714978","77.3004195302229","77.7347906749995","77.7460653010321","77.9687942653244","78.2396073483593","78.3037701499182","78.6548558791086","78.8171964951338","78.9239704429972","79.0328839126368","79.0417127626151","79.1362843199307","79.0036457097","78.8797242694941","78.8724761687345","78.9657812984215","79.1417123760336","77.4638723897602","76.9772625183071","",
"Namibia","NAM","Esperanza de vida al nacer, total (años)","SP.DYN.LE00.IN","47.679","48.374","49.087","49.714","50.434","51.039","51.439","52.035","52.601","53.117","53.63","54.237","54.781","55.374","55.893","56.547","57.015","57.553","58.085","58.439","56.775","57.123","57.644","57.969","58.512","59.041","59.555","60.207","60.248","62.642","62.496","62.098","61.545","60.86","59.846","58.634","56.918","55.558","54.101","53.036","51.99","51.26","51.254","51.083","51.246","51.787","52.655","53.68","54.653","55.496","56.015","56.553","57.64","58.694","59.822","60.7","61.682","62.293","62.586","63.075","62.829","59.269","",
"Nueva Caledonia","NCL","Esperanza de vida al nacer, total (años)","SP.DYN.LE00.IN","58.6390243902439","59.0390243902439","59.4390243902439","59.8878048780488","60.3365853658537","60.7853658536585","61.2341463414634","61.6829268292683","62.1317073170732","62.5804878048781","63.0292682926829","63.4780487804878","63.9268292682927","64.3756097560976","64.8243902439024","65.2731707317073","65.7219512195122","66.1707317073171","66.3036585365854","66.4365853658537","66.569512195122","66.7024390243903","66.919512195122","68.5878048780488","68.0634146341464","68.7658536585366","69.0634146341463","69.4268292682927","69.4536585365854","69.0853658536585","70.4853658536585","70.3585365853659","71.6146341463415","71.6560975609756","70.6731707317073","72.009756097561","71.9975609756098","71.7390243902439","74.3756097560976","73.8756097560976","75.1634146341463","74.8317073170732","75.1024390243903","75.2707317073171","75.4707317073171","75.7219512195122","76.0756097560976","76.4780487804878","76.6804878048781","76.9804878048781","77.2804878048781","76.6317073170732","77.0780487804878","77.1780487804878","77.2365853658537","77.2804878048781","76.9317073170732","77.5390243902439","80.0030975609756","80.4197073170732","80.8349512195122","79.1273414634146","",
"Níger","NER","Esperanza de vida al nacer, total (años)","SP.DYN.LE00.IN","36.404","36.556","36.639","36.736","36.744","36.753","36.807","36.83","36.611","36.354","36.062","35.293","35.632","35.704","36.003","36.588","36.976","37.644","38.45","39.202","39.678","40.165","40.301","40.359","40.059","40.031","40.129","40.433","40.79","41.221","41.852","42.218","42.947","43.817","44.714","45.774","46.676","47.505","48.191","48.738","49.322","49.841","50.562","51.434","52.589","53.59","54.596","55.553","56.508","57.396","58.367","58.994","59.65","60.239","60.786","61.083","61.629","62.16","62.454","62.897","61.451","61.576","",
"Nigeria","NGA","Esperanza de vida al nacer, total (años)","SP.DYN.LE00.IN","37.371","37.673","37.809","38.192","38.415","38.68","38.797","37.573","38.482","38.718","39.713","40.48","41.273","42.011","42.791","43.662","44.721","45.558","46.019","46.215","46.349","46.493","46.513","46.638","46.55","46.317","45.975","46.018","46.072","46.182","46.037","45.691","45.668","45.788","45.513","45.487","45.567","45.792","46.036","46.614","47.193","47.619","47.928","48.441","48.767","49.297","49.73","50.033","50.225","50.712","50.945","51.357","51.497","51.707","51.791","51.841","52.043","52.305","52.554","52.91","52.887","52.676","",
"Nicaragua","NIC","Esperanza de vida al nacer, total (años)","SP.DYN.LE00.IN","46.125","46.948","47.575","48.304","49.169","50.193","51.316","52.394","53.465","54.324","54.95","55.322","48.626","55.725","55.85","56.036","56.299","56.243","53.571","50.813","57.914","58.198","58.605","56.794","56.131","56.501","57.775","57.66","60.3","62.475","63.096","63.931","64.266","64.685","65.181","65.608","66.052","66.515","65.209","67.12","67.234","67.215","67.18","67.217","67.423","67.936","68.725","69.559","70.586","71.433","72.009","72.416","72.615","72.704","72.812","72.983","73.256","73.554","73.85","74.054","71.795","73.837","",
"Países Bajos","NLD","Esperanza de vida al nacer, total (años)","SP.DYN.LE00.IN","73.3926829268293","73.6526829268293","73.3239024390244","73.3370731707317","73.7041463414634","73.5687804878049","73.5129268292683","73.8041463414634","73.6126829268293","73.539512195122","73.5856097560976","73.809512195122","73.7270731707317","74.1439024390244","74.5368292682927","74.4987804878049","74.6470731707317","75.2214634146342","75.1451219512195","75.6060975609756","75.7431707317073","75.9343902439025","75.9885365853659","76.1641463414634","76.2331707317073","76.2846341463415","76.2704878048781","76.7051219512195","76.890243902439","76.7341463414634","76.8780487804878","77","77.2170731707317","76.9165853658537","77.3751219512195","77.4046341463415","77.4356097560976","77.7943902439024","77.8829268292683","77.8365853658537","77.9878048780488","78.190243902439","78.2926829268293","78.4926829268293","79.0951219512195","79.3463414634146","79.6975609756098","80.0975609756098","80.2512195121951","80.5487804878049","80.7024390243902","81.2048780487805","81.1048780487805","81.3048780487805","81.7073170731707","81.509756097561","81.5609756097561","81.7609756097561","81.8121951219512","82.1121951219512","81.3585365853659","81.4609756097561","",
"Noruega","NOR","Esperanza de vida al nacer, total (años)","SP.DYN.LE00.IN","73.549756097561","73.5504878048781","73.4480487804878","73.0775609756098","73.5958536585366","73.7231707317073","73.9953658536585","74.0665853658537","73.9419512195122","73.6634146341463","74.0880487804878","74.1792682926829","74.3446341463415","74.4421951219512","74.7536585365854","74.8175609756098","75.039512195122","75.3868292682927","75.4185365853659","75.4139024390244","75.6717073170732","75.8690243902439","76.0109756097561","76.0668292682927","76.2243902439024","75.9168292682927","76.2412195121951","76.0817073170732","76.2204878048781","76.500487804878","76.5373170731707","76.9807317073171","77.1843902439025","77.1517073170732","77.689756097561","77.7365853658537","78.1504878048781","78.1426829268293","78.3292682926829","78.2829268292683","78.6341463414634","78.7853658536585","78.9878048780488","79.390243902439","79.8414634146342","80.0414634146342","80.3439024390244","80.3951219512195","80.5926829268293","80.7951219512195","80.9975609756098","81.2951219512195","81.4512195121951","81.7512195121951","82.1","82.3048780487805","82.4073170731707","82.609756097561","82.7585365853659","82.9585365853659","83.209756097561","83.1634146341463","",
"Nepal","NPL","Esperanza de vida al nacer, total (años)","SP.DYN.LE00.IN","38.559","38.855","39.153","39.453","39.994","40.446","40.866","41.404","41.802","42.334","42.827","43.312","43.689","44.044","44.464","45.04","45.544","46.005","46.682","47.266","47.889","48.387","48.936","49.431","50.225","50.882","51.535","52.475","53.071","54.127","54.833","55.712","56.71","57.619","58.553","59.318","59.981","60.771","61.549","62.113","62.614","63.336","63.264","64.197","64.818","65.457","65.868","66.329","66.421","66.761","66.814","67.313","67.47","67.965","68.085","67.456","68.776","68.91","68.979","69.558","69.246","68.45","",
"Nauru","NRU","Esperanza de vida al nacer, total (años)","SP.DYN.LE00.IN","58.572","58.665","58.862","58.902","58.997","59.288","59.263","59.662","59.824","59.972","60.042","60.341","60.449","60.529","60.864","60.927","61.359","61.463","61.522","61.538","61.552","61.871","61.878","61.836","61.702","61.591","61.494","61.386","61.38","61.4","61.356","61.303","61.223","61.338","61.463","61.321","60.504","59.644","59.224","58.803","58.732","58.278","58.181","58.095","58.072","58.161","58.379","58.53","58.833","59.123","59.64","60.24","60.715","61.231","61.807","62.269","62.702","62.988","63.234","63.484","63.437","63.617","",
"Nueva Zelandia","NZL","Esperanza de vida al nacer, total (años)","SP.DYN.LE00.IN","71.2365853658537","70.9853658536585","71.2317073170732","71.280487804878","71.3292682926829","71.2268292682927","71.1243902439025","71.4731707317073","71.1243902439025","71.4731707317073","71.2731707317073","71.7731707317073","71.8292682926829","71.6682926829268","71.9243902439024","72.219512195122","72.4219512195122","72.1682926829268","73.019512195122","73.0682926829269","72.8292682926829","73.6219512195122","73.7243902439024","73.7756097560976","74.3707317073171","73.8292682926829","74.1219512195122","74.1780487804878","74.4243902439024","74.8243902439024","75.3780487804878","76.0317073170732","76.1243902439025","76.4341463414634","76.8829268292683","76.7341463414634","76.7878048780488","77.3341463414634","78.0853658536585","77.890243902439","78.6365853658537","78.6926829268293","78.8463414634146","79.1463414634146","79.5487804878049","79.8512195121951","80.0487804878049","80.1512195121951","80.3512195121951","80.7024390243902","80.9048780487805","81.1560975609756","81.4073170731707","81.4048780487805","81.4568292682927","81.6124390243903","81.6585365853659","81.8585365853659","81.7073170731707","82.0560975609756","82.2560975609756","82.2073170731707","",
"Miembros OCDE","OED","Esperanza de vida al nacer, total (años)","SP.DYN.LE00.IN","67.3062200884689","67.7309349275703","67.7472269233263","67.9655134199818","68.4304355469184","68.564902764983","68.8218570463035","69.1400487722554","69.0277385922928","69.1805790031638","69.460593903071","69.7567911263122","70.0144192788676","70.2008444618219","70.5922676888031","70.8925966100739","71.1660545456314","71.5761357011522","71.7495936634753","72.1059965997004","72.1753939574991","72.561832644178","72.9155490753869","73.0541013103269","73.363650214539","73.4521443369293","73.7735165596062","74.0670379446663","74.2076407387084","74.4479845513003","74.6030747872001","74.7953714645649","75.0661513320614","75.1682268461539","75.4562660255604","75.5463400049125","75.9198217480041","76.2554514778202","76.4586638832881","76.5745330548726","76.9164285815438","77.2034412595573","77.3786986556008","77.505306781989","77.8985465483333","78.0118330586466","78.29782141009","78.5039933850897","78.6555856253483","78.9194188501818","79.0925675643111","79.3198460798001","79.4739617421267","79.6697026632352","79.9166512455172","79.7907649605864","79.9026541738285","79.9296589493129","80.0090370322992","80.222078520388","78.8984624927635","78.7149219626425","",
"Omán","OMN","Esperanza de vida al nacer, total (años)","SP.DYN.LE00.IN","35.45","36.823","38.192","39.417","40.679","41.885","43.066","44.285","45.525","46.684","47.678","48.934","49.571","50.859","52.098","53.297","55.221","56.257","57.709","59.151","60.447","61.646","62.96","64.217","65.254","66.272","67.014","67.887","68.58","69.156","69.782","70.189","70.656","71.165","71.385","71.99","72.191","72.415","72.97","73.184","73.466","73.808","73.869","74.14","74.329","74.396","74.48","74.461","74.612","74.681","76.269","76.608","77.061","77.246","77.446","77.687","77.916","77.924","77.966","78.002","74.757","72.541","",
"Otros Estados pequeos","OSS","Esperanza de vida al nacer, total (años)","SP.DYN.LE00.IN","51.931331934281","52.331211949067","52.7058596024497","52.7261686841349","53.2535881089445","53.8440778487025","54.148167566986","54.4324011970196","54.7296947618903","54.5742114758039","55.0081018855588","55.5713373460023","56.1763804591105","56.5802124744315","56.0911189092784","56.471220800578","56.742845574565","57.314953986572","57.4704674622356","57.887620001606","58.5794031964645","58.9311468134584","59.3686647318428","59.6896462738224","60.168552088921","60.5250428990931","60.8709926707473","61.2612732592284","61.4328162371532","62.0294960163169","62.0460773982409","61.9891815131506","61.8408499221313","61.7740792565836","61.4329103672785","61.2643943858717","61.1070857978061","60.7109560033121","60.3049887354731","59.9351215029012","60.4329368443966","60.3998195489602","60.4283508064141","60.5702762723485","60.8492846038074","61.2016747434978","61.797430464785","62.4977742987517","63.1912033296877","63.8148785753945","64.5529603710143","65.0753359087981","65.6322237053785","66.2120397726403","66.7095372644358","67.2887714569841","67.9054900792517","68.3772071490802","68.4962409541162","68.771087639582","68.2555246736632","66.9895668139568","",
"Pakistán","PAK","Esperanza de vida al nacer, total (años)","SP.DYN.LE00.IN","44.932","45.783","46.608","47.632","48.595","49.444","50.842","51.901","52.898","53.749","54.76","50.35","55.239","55.486","55.472","55.905","56.113","56.252","56.737","57.146","57.606","58.052","58.416","58.947","59.332","59.363","59.464","59.066","59.356","59.62","60.066","60.259","60.116","59.934","60.116","59.878","60.398","60.603","61.09","61.679","62.102","62.421","62.626","62.843","63.052","62.466","63.731","63.852","64.036","64.14","64.436","64.648","64.782","65.15","65.284","65.697","65.88","66.297","66.482","66.756","66.269","66.098","",
"Panamá","PAN","Esperanza de vida al nacer, total (años)","SP.DYN.LE00.IN","60.702","61.471","62.154","62.735","63.203","63.558","63.789","64.056","64.313","64.662","65.083","65.787","66.457","67.087","67.653","68.079","68.381","68.603","68.761","68.989","69.254","69.586","69.939","70.27","70.543","70.732","70.833","70.888","70.888","69.936","71.097","71.207","71.462","71.8","72.096","72.385","72.675","72.97","73.279","73.622","74.001","74.414","74.824","75.218","75.544","75.829","76.012","76.154","76.225","76.343","76.448","76.627","76.819","77.038","77.248","77.468","77.653","77.795","77.863","77.81","76.657","76.223","",
"Perú","PER","Esperanza de vida al nacer, total (años)","SP.DYN.LE00.IN","50.495","51.091","51.31","52.2","52.717","53.183","53.699","54.223","54.747","55.255","47.16","56.163","56.737","57.085","57.483","57.905","58.266","58.617","58.973","59.303","59.589","59.847","60.015","60.161","60.467","61.292","62.024","62.804","63.601","64.352","65.106","65.434","66.149","66.681","67.227","67.644","68.147","68.605","69.082","69.743","70.424","71.041","71.661","72.217","72.668","72.986","73.172","73.223","73.377","73.466","73.711","74.133","74.544","74.967","75.333","75.621","75.789","75.879","76.009","76.156","73.665","72.377","",
"Filipinas","PHL","Esperanza de vida al nacer, total (años)","SP.DYN.LE00.IN","59.227","59.619","59.959","60.388","60.541","60.898","61.198","61.447","61.65","61.798","61.692","61.988","61.831","61.641","61.68","61.704","61.614","62.149","62.185","62.349","62.499","62.555","62.784","62.992","63.112","63.505","63.745","64.335","64.898","65.464","65.909","66.304","67.088","67.542","67.942","68.223","68.614","68.884","69.1","69.298","69.413","69.614","69.781","69.924","70.037","70.24","70.282","70.483","70.564","70.633","70.754","70.788","70.881","70.835","71.151","71.268","71.387","71.516","71.689","71.865","72.119","69.266","",
"Palau","PLW","Esperanza de vida al nacer, total (años)","SP.DYN.LE00.IN","","","","","","","","","","","","","","","","","","","","","","","","","","","","","","","69.0692682926829","","","","","71.8446341463415","","","","","70.4936585365854","","","","","69.1292682926829","","","","","","","","","","","","","","","","","",
"Papua Nueva Guinea","PNG","Esperanza de vida al nacer, total (años)","SP.DYN.LE00.IN","45.679","46.292","46.659","47.599","48.202","48.816","49.508","50.135","50.839","51.414","52.127","52.579","53.215","53.869","54.48","55.039","55.569","56.037","56.554","57.003","57.435","57.831","58.109","58.368","58.593","58.866","58.959","59.213","59.336","59.58","59.721","59.908","60.218","60.506","60.756","61.049","61.105","61.377","60.629","61.672","61.72","61.773","61.698","61.797","61.761","61.801","61.917","62.034","62.571","62.788","63.039","63.526","63.733","63.961","64.259","64.701","64.84","65.103","65.182","65.474","65.787","65.351","",
"Polonia","POL","Esperanza de vida al nacer, total (años)","SP.DYN.LE00.IN","67.6804878048781","67.7780487804878","67.4268292682927","68.3756097560976","68.6292682926829","69.4292682926829","69.8268292682927","69.4243902439024","70.219512195122","69.719512195122","69.8682926829268","69.6121951219512","70.6658536585366","70.6634146341463","71.1170731707317","70.5609756097561","70.6560975609756","70.4024390243902","70.3512195121951","70.7512195121951","70.0975609756098","71.0512195121951","71.1024390243903","71","70.8","70.5487804878049","70.8487804878049","70.8975609756098","71.3317073170732","71.0439024390244","70.890243902439","70.5878048780488","71.090243902439","71.5951219512195","71.6951219512195","71.8926829268293","72.2463414634146","72.6463414634146","72.9975609756098","73.0439024390244","73.7487804878049","74.2","74.4975609756098","74.5975609756098","74.8463414634146","74.9951219512195","75.1439024390244","75.2439024390244","75.5439024390244","75.6951219512195","76.2463414634146","76.6951219512195","76.7463414634146","77","77.6024390243903","77.4512195121951","77.8512195121951","77.7536585365854","77.6024390243903","77.9048780487805","76.5","75.6024390243903","",
"previa al dividendo demográfico","PRE","Esperanza de vida al nacer, total (años)","SP.DYN.LE00.IN","39.8560673553553","40.1418290842267","40.6531909281594","40.9380643385469","41.3803005726176","41.5416326739901","41.7759679207771","41.8141076276729","42.3408134045297","42.6393372796769","43.1994001971468","43.8150815682265","44.1169464473273","44.9851314601226","45.4191975816241","45.8647719857597","46.4576979929029","47.0086957159939","47.2883533823628","47.6307767265977","47.7756417116503","48.0376074148407","48.2001453538284","47.9783213374272","47.7484390766604","47.8946783300905","48.4184431989845","47.9785463305548","47.538169886864","48.6884796103761","48.728726211776","48.6498620116214","48.5631630213706","49.0575881973971","49.9010494238866","49.7163254615743","49.7292676291153","49.9701047076698","49.6332021486073","50.7283999451106","51.4739360006522","51.9215614271429","52.3681161355008","52.8837927902007","53.3398016471408","53.9397791722359","54.5785753533199","55.0867801380248","55.6136543774986","56.3080035125471","56.8119682833244","57.3871065174694","57.8697927005393","58.3300592913712","58.7521965415578","59.1193712621413","59.5239150627753","59.9506113469282","60.3548387754098","60.7216573709725","60.2495318388733","59.87258063232","",
"Puerto Rico","PRI","Esperanza de vida al nacer, total (años)","SP.DYN.LE00.IN","68.934","69.262","69.284","69.477","69.693","69.991","70.248","70.539","70.679","70.999","71.048","71.198","71.302","71.581","71.634","71.92","72.262","72.616","72.816","73.04","73.226","73.36","73.524","73.484","73.531","73.083","73.718","73.839","73.852","73.853","73.89","73.913","73.939","74.029","74.083","74.364","74.585","74.92","75.194","75.536","75.977","76.456","76.728","76.874","77.143","77.237","77.415","77.621","77.841","77.877","78.01","78.316","78.461","78.777","78.929","79.695","80.27","79.258","79.77","79.063","78.041","80.162","",
"Corea, República Popular Democrática de","PRK","Esperanza de vida al nacer, total (años)","SP.DYN.LE00.IN","54.05","54.496","54.999","55.56","56.157","56.827","57.598","58.409","59.175","59.926","60.571","61.176","61.807","62.386","62.962","63.526","64.143","64.655","65.187","65.672","66.158","66.658","67.167","67.677","68.19","68.681","69.147","69.442","69.803","70.039","70.21","70.313","70.824","71.871","70.718","60.894","60.956","60.974","60.906","60.798","60.763","60.745","60.792","69.546","69.437","69.285","69.085","68.911","68.958","69.732","70.419","70.978","71.626","72.319","72.942","72.784","72.805","72.978","73.031","73.198","73.274","73.284","",
"Portugal","PRT","Esperanza de vida al nacer, total (años)","SP.DYN.LE00.IN","64.0074634146342","62.666512195122","64.1810243902439","64.7883902439024","64.9833902439024","65.9604634146341","65.4876585365854","66.3340731707317","66.6781951219512","66.2781707317073","67.0731707317073","66.7707317073171","68.3243902439024","67.5243902439024","68.019512195122","68.309756097561","68.8609756097561","70.0121951219512","70.3170731707317","71.1682926829268","71.2146341463415","71.6146341463415","72.4146341463415","72.2658536585366","72.5146341463415","72.8146341463415","73.2658536585366","73.6658536585366","73.7146341463415","74.2658536585366","73.9658536585366","74.0146341463415","74.3121951219512","74.5121951219512","74.9146341463415","75.3121951219512","75.2609756097561","75.4121951219512","75.7121951219512","75.9634146341463","76.3146341463415","76.8146341463415","77.0658536585366","77.219512195122","77.6707317073171","78.0707317073171","78.419512195122","78.3219512195122","78.5243902439025","78.7268292682927","79.0268292682927","80.4707317073171","80.3731707317073","80.7219512195122","81.1219512195122","81.1243902439025","81.1243902439025","81.4243902439025","81.3243902439024","81.6756097560976","80.9756097560976","81.0731707317073","",
"Paraguay","PRY","Esperanza de vida al nacer, total (años)","SP.DYN.LE00.IN","60.423","60.755","61.058","61.334","61.583","61.819","61.988","62.153","62.319","62.499","62.684","62.803","62.935","63.066","63.233","63.445","63.705","63.941","64.132","64.448","64.749","65.023","65.385","65.614","65.966","66.315","66.656","67.012","67.319","67.469","67.944","68.173","68.395","68.633","68.824","69.009","69.202","69.325","69.478","69.634","69.75","69.9","70.025","70.297","70.481","70.527","70.781","71.106","71.384","71.635","71.887","72.131","72.454","72.757","72.878","73.191","73.534","73.644","73.568","73.621","73.182","70.262","",
"Ribera Occidental y Gaza","PSE","Esperanza de vida al nacer, total (años)","SP.DYN.LE00.IN","","","","","","","","","","","","","","","","","","","","","","","","","","","","","","","67.934","68.306","68.592","68.853","69.413","69.662","70.055","70.396","70.632","70.855","70.388","69.887","70.969","71.053","71.182","72.067","71.915","72.153","72.413","72.608","73.004","73.243","73.466","74.029","72.622","74.406","74.554","74.833","74.793","75.241","74.403","73.473","",
"Estados pequeos de las Islas del Pacfico","PSS","Esperanza de vida al nacer, total (años)","SP.DYN.LE00.IN","54.5350213058718","55.1414551421039","55.8319185685712","56.4518152430134","56.6611396897284","57.7064795323274","58.1789062564862","58.7203744210699","59.1682996948273","59.410395997814","59.8236800223664","60.1927784291632","60.4618039672896","60.4294966553435","61.0121676544131","61.045945070891","61.6604536079506","61.9111049427024","62.3604482719594","62.7406607968009","62.8499762791294","63.0411744295425","63.2443381026612","63.655520480606","64.0965958074262","64.5200452795628","64.6355973072862","64.9203194657117","65.2594449330586","65.4275388752391","65.7030123203863","65.8795554627824","66.091306806729","66.2728344508811","66.4796864153889","66.7313986981694","66.9085682484442","67.0374725045993","67.2371866265364","67.3133507965179","67.3039487281314","67.4120451768642","67.2052661088637","67.5196995129671","67.6882069100611","67.8304123903201","67.9857334641944","67.9652128719108","68.1238403841778","68.0236126664195","68.395698405641","68.5313845167091","68.5970917831779","68.625773949461","68.642639894166","68.562208761319","68.8275112368945","69.1188648923584","69.2137482861639","69.2942514087701","69.3649211004034","69.1635941828432","",
"posterior al dividendo demográfico","PST","Esperanza de vida al nacer, total (años)","SP.DYN.LE00.IN","68.8656660173571","69.2741269732794","69.2387006805094","69.4413611052855","69.9256861625637","69.9954268354325","70.2188025105146","70.5236270735229","70.3557876980801","70.4822484260933","70.7474216050012","71.051181432677","71.254468981381","71.4249418077498","71.7870615898921","72.0949905457038","72.3657599458047","72.7498496587927","72.8923945321371","73.2129841516514","73.2465787507495","73.5875523266399","73.9191444307154","74.0154216501133","74.2809940187875","74.4028027988072","74.7232189421246","75.0104840620201","75.1127923192935","75.3524475893604","75.4673650437809","75.5940957796481","75.7100165090045","75.7223762694966","76.0387247570211","76.0596774629664","76.4372851260638","76.7749903729361","76.990976029348","77.0973046395259","77.3493836287602","77.6440337386382","77.7959890213592","77.9094514734754","78.3393614227025","78.426553145263","78.7585869132718","79.005590206396","79.151087696378","79.4756110093771","79.685190812689","79.9503852558578","80.0838724772061","80.2602154770184","80.5160128461206","80.3820254160595","80.5395097027758","80.5836893799918","80.6711275383459","80.8990832557806","80.0045482726373","79.7983230828743","",
"Polinesia Francesa","PYF","Esperanza de vida al nacer, total (años)","SP.DYN.LE00.IN","59.675","59.996","60.271","60.527","60.781","61.045","61.334","61.63","61.909","62.173","62.429","62.681","62.936","63.206","63.501","63.889","64.378","64.936","65.549","66.235","67.14","68.012","68.884","69.804","70.772","71.644","72.471","72.897","73.468","73.787","73.983","74.149","74.419","74.804","75.311","76.008","76.833","77.7","78.386","79.18","79.536","79.685","79.711","79.703","79.696","79.736","79.842","80.02","80.301","80.665","81.039","81.429","81.759","82.017","82.214","82.354","82.488","82.618","82.783","82.996","82.217","79.486","",
"Qatar","QAT","Esperanza de vida al nacer, total (años)","SP.DYN.LE00.IN","58.933","59.626","60.443","61.167","62.112","62.85","63.624","64.531","65.242","65.895","66.532","67.133","67.612","68.049","68.552","69.008","69.385","69.837","70.19","70.581","70.801","71.304","71.504","71.709","72.186","72.381","72.587","73.019","73.164","73.594","73.982","73.966","74.122","74.243","74.348","74.25","74.685","74.787","74.809","74.8","74.828","75.263","75.412","75.565","75.961","76.064","76.57","77.016","77.427","77.878","78.425","78.891","79.227","79.536","79.768","80.064","80.433","80.717","80.898","80.99","79.099","79.272","",
"Rumania","ROU","Esperanza de vida al nacer, total (años)","SP.DYN.LE00.IN","65.8605365853659","65.8771463414634","65.2556585365854","67.0717073170732","67.8451219512195","67.7072682926829","68.8976585365854","67.5159512195122","67.5603658536585","66.6920731707317","67.4824146341464","68.5041463414634","68.470243902439","69.0056097560976","69.499756097561","69.6139024390244","69.6987804878049","69.7419512195122","69.4804878048781","69.1531707317073","69.0909756097561","69.3682926829268","69.5317073170732","69.7263414634147","69.6587804878049","69.7068292682927","69.4963414634146","69.2268292682927","69.3880487804878","69.5307317073171","69.7412195121951","69.7843902439024","69.7843902439024","69.5634146341464","69.509756097561","69.4560975609756","69.1048780487805","69.0048780487805","69.8073170731708","70.5121951219512","71.1634146341463","71.1609756097561","71.009756097561","71.309756097561","71.5609756097561","71.9121951219512","72.1634146341463","72.5658536585366","72.5658536585366","73.309756097561","73.4585365853659","74.409756097561","74.4121951219512","75.0634146341463","74.909756097561","74.9121951219512","75.209756097561","75.309756097561","75.3585365853659","75.6073170731707","74.2536585365854","72.9609756097561","",
"Federación de Rusia","RUS","Esperanza de vida al nacer, total (años)","SP.DYN.LE00.IN","67.4652195121951","67.6309512195122","67.300512195122","67.7571707317073","68.3671707317073","67.887756097561","67.9011951219512","67.5938048780488","67.4893658536586","66.8762926829268","68.1336585365854","68.3765853658537","68.3085365853659","68.2946341463415","68.320243902439","67.7239024390244","67.4875609756098","67.3763414634146","67.3909756097561","67.1143902439024","67.0339024390244","67.2639024390244","67.8060975609756","67.6526829268293","67.2026829268293","67.8568292682927","69.389756097561","69.44","69.4643902439024","69.1717073170732","68.8860975609756","68.4743902439024","66.8731707317073","64.9358536585366","64.4670731707317","64.6907317073171","65.8541463414634","66.6987804878049","67.029756097561","65.9821951219512","65.4836585365854","65.3834146341463","65.1287804878049","65.0275609756098","65.4709756097561","65.529756097561","66.7275609756098","67.5868292682927","67.9492682926829","68.6846341463415","68.8412195121951","69.6839024390244","70.0721951219512","70.5787804878049","70.7436585365854","71.1834146341463","71.6512195121951","72.4514634146342","72.6621951219512","73.0839024390244","71.3387804878049","69.3612195121951","",
"Rwanda","RWA","Esperanza de vida al nacer, total (años)","SP.DYN.LE00.IN","47.178","47.664","47.991","44.072","48.238","48.282","48.166","48.094","47.745","47.398","47.153","46.829","46.498","45.905","45.304","44.698","44.647","44.797","45.48","46.659","47.963","49.422","50.692","51.319","51.64","51.734","51.638","51.477","50.976","50.22","48.431","46.519","44.319","42.166","14.098","39.969","40.698","40.64","41.681","44.616","47.129","49.021","51.032","53.368","55.491","57.316","58.714","59.965","61.134","61.958","62.54","63.261","64.009","64.426","64.94","65.298","65.737","65.941","66.251","66.437","66.774","66.072","",
"Asia meridional","SAS","Esperanza de vida al nacer, total (años)","SP.DYN.LE00.IN","45.1048401885708","45.4210629448542","45.8046045584594","46.1169939835545","46.5074852157805","45.5837162664608","46.1540280717292","46.5604624759684","48.0794698410504","48.4791927481358","48.2830377168227","46.7148686006183","49.6289515875034","50.0875127493481","50.5881307129825","51.1929189918098","51.7130245453297","52.1984669940858","52.7123469904547","53.2145606577235","53.7598069401514","54.3185783162523","54.8305638388043","55.3737808939205","55.8426533118238","56.2952409457846","56.8230486019798","57.228519836667","57.674477903632","58.0569973195997","58.5616672967409","58.737970077587","59.377820248825","59.7125032701818","60.1045630663123","60.4582982352674","60.8256247493127","61.344167216974","61.9292807951764","62.5570970807008","62.8929726964929","63.3036627551141","63.7712873167057","64.1993917380713","64.5398610012559","64.9156958515493","65.3706684740763","65.6313214612399","65.9599279691186","66.2539480485867","66.7494102268344","67.14072856293","67.6298429069426","68.1194693436966","68.6366684220052","69.1425888809621","69.6088639890302","69.9791020756437","70.2534786113924","70.4727549740685","69.7483309161325","67.5791290463818","",
"Arabia Saudita","SAU","Esperanza de vida al nacer, total (años)","SP.DYN.LE00.IN","45.94","46.484","47.1","47.609","48.148","48.782","49.343","50.053","50.915","51.816","52.715","53.773","54.792","55.932","57.017","58.068","58.966","59.947","60.872","61.697","62.698","63.472","64.304","65.053","65.689","66.33","66.921","67.4","67.972","68.491","68.948","69.366","69.925","70.303","70.705","71.011","71.273","71.483","71.879","72.136","72.467","72.974","73.337","73.628","74.153","74.588","74.81","75.046","75.274","75.431","75.763","76.234","76.461","76.626","76.757","76.918","77.064","77.16","77.212","77.304","76.239","76.936","",
"Sudán","SDN","Esperanza de vida al nacer, total (años)","SP.DYN.LE00.IN","46.603","47.023","47.354","46.189","49.457","46.935","44.626","45.056","45.456","45.147","45.534","49.646","49.925","53.069","53.23","53.377","53.462","53.648","53.44","53.559","53.934","54.078","54.321","47.45","46.22","46.458","51.481","43.441","35.923","49.337","49.732","50.213","45.891","46.575","56.644","51.991","52.276","52.833","48.81","57.015","58.319","58.562","58.976","58.2","56.773","57.279","60.281","61.256","61.206","62.644","63.016","63.246","63.792","63.678","64.269","64.659","64.78","65.445","65.681","65.876","65.614","65.267","",
"Senegal","SEN","Esperanza de vida al nacer, total (años)","SP.DYN.LE00.IN","39.878","39.917","39.856","39.882","39.885","39.838","39.961","40.083","40.268","40.459","40.825","41.219","41.753","42.557","43.211","44.099","45.098","46.152","47.197","48.196","49.142","49.85","50.564","51.153","52.015","52.758","53.928","54.819","55.774","56.438","56.948","57.139","57.112","56.996","56.955","56.839","56.672","56.591","56.418","56.609","56.943","57.564","58.231","59.122","60.027","60.915","61.75","62.543","63.242","63.923","64.615","65.262","65.457","66.072","66.452","66.879","67.497","67.75","68.097","68.526","68.006","67.093","",
"Singapur","SGP","Esperanza de vida al nacer, total (años)","SP.DYN.LE00.IN","64.6946829268293","65.5179512195122","66.285756097561","66.7147073170732","67.0743902439024","67.512512195122","67.797","68.1193170731707","68.2882682926829","68.6862682926829","68.9131219512195","69.1883414634146","69.3467804878049","69.7398048780488","70.2013414634146","70.7834390243902","71.1650731707317","71.3711219512195","71.546756097561","71.6392195121951","72.190243902439","72.5878048780488","72.6878048780488","73.0365853658537","73.290243902439","73.890243902439","74.2463414634146","74.5487804878049","74.6975609756098","74.9463414634146","75.2951219512195","75.6463414634146","75.9463414634146","76.0463414634146","76.1975609756098","76.2951219512195","76.5951219512195","76.8975609756097","77.3","77.5512195121951","77.9512195121951","78.2512195121951","78.5512195121951","79.0390243902439","79.490243902439","79.990243902439","80.1414634146341","80.4414634146342","80.790243902439","81.2414634146342","81.5414634146342","81.7439024390244","81.9951219512195","82.2463414634147","82.4951219512195","82.7439024390244","82.8463414634146","83.0951219512195","83.2975609756098","83.5951219512195","84.4658536585366","83.4414634146342","",
"Islas Salomón","SLB","Esperanza de vida al nacer, total (años)","SP.DYN.LE00.IN","47.741","48.434","49.254","50.049","50.859","51.659","52.461","53.208","54.239","55.163","56.072","56.978","57.797","58.594","59.356","58.078","60.749","60.864","61.911","62.388","62.8","63.161","63.509","63.762","63.998","64.29","63.76","64.764","64.973","65.186","65.392","65.579","65.767","65.958","66.188","66.381","66.59","66.742","66.92","67.069","67.225","67.364","67.515","67.644","67.801","67.936","68.09","67.986","68.404","68.466","68.732","68.908","69.084","69.188","69.234","69.583","69.801","69.988","70.173","70.382","70.199","70.348","",
"Sierra Leona","SLE","Esperanza de vida al nacer, total (años)","SP.DYN.LE00.IN","33.961","34.412","34.875","35.344","35.87","36.363","36.868","37.434","37.846","38.249","38.793","39.269","39.767","40.217","40.691","41.173","41.631","42.06","42.46","42.873","43.13","43.364","43.571","43.8","43.916","43.888","43.792","44.047","44.047","44.021","44.057","43.506","43.621","43.594","42.925","42.716","43.68","43.715","42.789","42.071","45.05","45.661","46.359","46.963","47.577","48.237","49.323","50.365","51.526","52.626","53.693","54.62","55.451","56.313","56.393","57.189","58.404","58.652","59.796","60.255","59.763","60.062","",
"El Salvador","SLV","Esperanza de vida al nacer, total (años)","SP.DYN.LE00.IN","48.084","48.849","49.6","50.253","50.734","50.897","50.964","50.852","50.775","50.9","51.41","52.241","53.019","54.048","54.668","54.875","54.627","54.024","53.245","52.2","47.975","48.161","51.105","52.203","54.85","57.025","57.741","59.669","61.476","59.685","62.55","63.856","64.657","65.235","65.838","66.33","67.076","67.895","68.478","69.379","69.865","69.598","70.232","70.14","70.34","70.44","70.773","71.108","71.424","71.576","71.848","71.859","71.831","71.771","71.746","71.814","72.025","72.311","72.555","72.559","71.061","70.748","",
"San Marino","SMR","Esperanza de vida al nacer, total (años)","SP.DYN.LE00.IN","","","","","","","","","","","","","","","","","","","","","","","","","","","","","","","","","","","","","","","","","","","","","","","","","","","","","","","","","","","","","","","",
"Somalia","SOM","Esperanza de vida al nacer, total (años)","SP.DYN.LE00.IN","43.452","43.563","43.877","44.1","44.3","44.544","44.76","44.97","45.173","45.37","45.557","45.747","45.94","46.131","43.818","44.182","44.568","46.918","46.95","47.305","47.489","47.666","47.83","48.166","48.459","48.281","48.37","48.903","43.835","46.717","47.105","26.565","27.312","50.648","50.327","50.6","50.447","50.195","50.66","50.525","50.66","50.74","50.731","50.614","50.538","50.661","50.597","50.515","51.12","51.853","50.563","51.304","53.161","53.843","54.277","54.857","55.044","55.654","56.375","57.078","55.967","55.28","",
"Serbia","SRB","Esperanza de vida al nacer, total (años)","SP.DYN.LE00.IN","63.934","64.0574146341464","64.4788292682927","64.8923658536585","64.7863902439024","65.0941707317073","65.7846829268293","65.418","65.6322926829268","65.6410975609756","66.0954634146342","66.5294390243903","67.1144390243903","67.5273902439024","68.0056829268293","68.182243902439","68.4552926829268","68.7467317073171","68.673756097561","68.5989024390244","68.7906341463415","68.7252195121951","68.6682926829268","68.2849024390244","68.3783414634146","68.7808048780488","68.904","69.0934878048781","69.5157073170732","69.7707804878049","70.2292195121951","70.6177073170732","70.8009268292683","70.9655609756098","71.2506585365854","71.6894878048781","71.485243902439","71.5843658536585","71.1872926829268","69.7154390243902","71.5829268292683","72.2341463414634","72.2853658536585","72.4365853658537","72.6829268292683","72.8341463414634","73.3853658536585","73.6317073170732","73.8853658536585","73.9853658536585","74.3365853658537","74.5365853658537","74.8365853658537","75.1853658536585","75.3365853658537","75.2878048780488","75.6878048780488","75.5390243902439","75.890243902439","75.9365853658537","74.4780487804878","72.7307317073171","",
"África al sur del Sahara (excluido altos ingresos)","SSA","Esperanza de vida al nacer, total (años)","SP.DYN.LE00.IN","41.4225457764481","41.7397393580756","42.2007205755248","42.4406202612887","42.8908377269423","43.0294512913119","42.9840900521411","43.2321783317863","43.6707347759876","43.9113071674781","44.3698302373441","44.8708039688415","44.9873436571651","45.7087953569855","45.9204616638043","46.3064327040879","46.9849522048662","47.4478032114815","47.7485869601625","48.2100289145998","48.5690341809932","48.9344192757817","49.1728942879083","48.3288045748783","48.358663599392","48.6096815859879","49.0042757986543","49.3353973073128","49.0174285672997","49.8823797928702","49.821847519093","49.6968417810694","49.4693367339244","49.6943785518301","49.9994804379195","50.1113154401014","50.0458116077966","50.2127223981478","49.9250867445926","50.6381290684047","51.2619441016462","51.5337626313284","51.8890711484619","52.3673959299741","52.8466181215404","53.4601779317097","54.2113682396008","54.8471078111259","55.4488626082174","56.2178928838296","56.8456972290726","57.5571440641247","58.139480025035","58.6666774633961","59.1413426903108","59.5616131621504","60.0677195424725","60.4758894589022","60.8619630294756","61.2431728956442","60.8474896190048","60.2406347147534","",
"Sudán del Sur","SSD","Esperanza de vida al nacer, total (años)","SP.DYN.LE00.IN","28.662","28.84","29.119","28.826","33.149","29.288","26.084","26.406","26.708","26.086","26.399","31.582","31.907","36.479","36.514","36.746","36.84","37.325","37.649","37.919","38.417","38.783","39.113","35.491","32.673","33.154","33.632","21.912","12.407","29.68","29.935","30.148","22.724","22.704","44.384","30.948","31.297","32.242","18.385","43.223","46.028","46.881","47.492","50.253","50.917","51.545","52.016","52.856","53.538","53.891","54.812","54.94","55.865","55.751","54.973","55.566","55.544","55.309","55.95","55.912","55.48","54.975","",
"África al sur del Sahara","SSF","Esperanza de vida al nacer, total (años)","SP.DYN.LE00.IN","41.4225457764481","41.7397393580756","42.2007205755248","42.4406202612887","42.8908377269423","43.0294512913119","42.9840900521411","43.2321783317863","43.6707347759876","43.9113071674781","44.3698302373441","44.8708039688415","44.9873436571651","45.7087953569855","45.9204616638043","46.3064327040879","46.9849522048662","47.4478032114815","47.7485869601625","48.2100289145998","48.5724557550331","48.9378194604499","49.176041684887","48.3321481923935","48.3618077451539","48.6127475268002","49.0070698737591","49.3381215819855","49.0201976754575","49.8848694933931","49.824307633488","49.6996310276074","49.4721606714275","49.6969325187812","50.0021598833425","50.1141740715954","50.0485283330994","50.2153367096642","49.9277868743025","50.6408381841779","51.2645448028029","51.5363218250061","51.891342436414","52.36952152081","52.8488071191082","53.4621950485481","54.2133010695829","54.8490285448748","55.4507126052464","56.2196130711593","56.8473656890804","57.5586106850984","58.1410132486788","58.6680386013851","59.1426540000299","59.5629776824937","60.0690208848049","60.4771348418398","60.8630241394089","61.2442873450193","60.8488912524737","60.2417403457928","",
"Pequeños Estados","SST","Esperanza de vida al nacer, total (años)","SP.DYN.LE00.IN","55.0452721544717","55.4122299947052","55.8487842036202","56.0640628517442","56.5360126528354","57.0739844174936","57.3883463402925","57.6758480579352","57.895045716226","57.8445057733935","58.2258788380303","58.6377872413797","59.0709139747116","59.4153018023551","59.2590949876324","59.5336318143159","59.7613833785249","60.1742882736219","60.3699286952359","60.7146441098504","61.2068888667187","61.5122112026169","61.8622746867131","62.1039553488292","62.4708807911001","62.754541290085","63.0445962734783","63.3716784638689","63.5431209809755","64.0169357176714","64.0460766203726","64.0220203270701","63.9205908743691","63.8956244415802","63.6408289362871","63.5389211161868","63.4166651753367","63.0970862271396","62.8229157985802","62.5236931638779","62.9101269006607","62.8934438194637","62.9410580527187","63.0100624919927","63.2964114162141","63.59498856728","64.050738279096","64.5948008313594","65.1131221379244","65.6707068451106","66.2576712131467","66.7043239957682","67.1617848727764","67.5956124678378","67.945040324456","68.3472498433806","68.807660039996","69.1805672751145","69.2689008284278","69.4671684483319","69.0825395622917","67.8224013905818","",
"Santo Tomé y Príncipe","STP","Esperanza de vida al nacer, total (años)","SP.DYN.LE00.IN","43.04","44.359","45.861","46.094","47.161","49.022","51.56","54.066","54.916","55.08","56.516","56.841","57.349","57.941","58.042","58.263","58.576","58.83","59.325","59.714","59.739","59.487","59.558","59.432","59.487","59.811","57.527","61.017","61.334","60.158","61.471","61.429","61.284","61.138","61.069","61.056","61.097","61.181","61.187","61.393","61.655","62.032","62.6","63.166","63.731","63.709","64.398","64.724","65.079","65.116","65.249","64.902","65.746","66.328","66.845","67.249","67.492","68.267","68.355","68.523","67.785","67.591","",
"Suriname","SUR","Esperanza de vida al nacer, total (años)","SP.DYN.LE00.IN","57.102","57.767","58.474","59.039","59.625","59.485","59.691","59.905","60.062","60.224","60.402","60.392","60.507","60.697","60.841","61.049","61.25","61.453","61.684","61.878","62.034","62.251","62.455","62.593","62.872","63.058","62.96","63.186","63.437","64.01","64.23","64.453","64.65","64.98","65.272","65.337","65.668","65.697","65.594","65.443","65.508","65.482","65.531","65.596","66.416","67.002","67.571","68.204","68.816","69.505","69.894","69.914","69.764","69.682","69.782","70.8","71.592","72.417","72.553","72.242","72.561","70.274","",
"República Eslovaca","SVK","Esperanza de vida al nacer, total (años)","SP.DYN.LE00.IN","70.2697804878049","70.7239024390244","70.2702926829268","70.6334146341463","71.0198780487805","70.2352682926829","70.3774390243903","70.9255853658537","70.436756097561","69.7953902439024","69.7125853658537","69.8625609756098","70.2982195121951","70.0213902439024","70.1781707317073","70.3050487804878","70.4631951219512","70.4231219512195","70.4264390243902","70.7447317073171","70.4085365853659","70.6292682926829","70.6890243902439","70.4790243902439","70.7509756097561","70.7346341463415","71.0212195121951","71.0887804878049","71.2078048780488","71.0263414634146","70.9326829268293","70.8829268292683","71.7951219512195","72.4487804878049","72.3","72.2536585365854","72.6536585365854","72.7048780487805","72.5512195121951","72.9024390243902","73.0512195121951","73.4024390243903","73.6048780487805","73.6048780487805","73.9585365853659","73.9048780487805","74.2048780487805","74.2073170731707","74.7048780487805","74.909756097561","75.1121951219512","75.9585365853659","76.109756097561","76.4121951219512","76.8121951219512","76.5634146341463","77.1658536585366","77.1658536585366","77.2658536585366","77.6658536585366","76.8658536585366","74.7146341463415","",
"Eslovenia","SVN","Esperanza de vida al nacer, total (años)","SP.DYN.LE00.IN","68.9780487804878","68.9780487804878","68.9780487804878","68.6219512195122","68.6634146341463","68.3658536585366","69.0121951219512","69.3658536585366","68.9170731707317","68.3609756097561","68.609756097561","68.8341463414634","69.0585365853659","69.4048780487805","70.1609756097561","70.3585365853659","70.3073170731707","70.5560975609756","70.7024390243902","70.8536585365854","71.1048780487805","71.2048780487805","71.0536585365854","70.5414634146342","70.9024390243903","71.3512195121951","71.8024390243903","72.0024390243902","72.4463414634146","72.7048780487805","73.2048780487805","73.3536585365854","73.3048780487805","73.2536585365854","73.4048780487805","73.9585365853659","74.4585365853658","74.7073170731707","74.8073170731708","75.009756097561","75.4121951219512","75.7585365853659","76.0073170731707","76.8585365853659","77.2073170731707","77.6121951219512","78.0865853658537","78.5609756097561","78.7658536585366","78.9707317073171","79.4219512195122","79.9707317073171","80.1243902439024","80.3219512195122","81.0780487804878","80.7756097560976","81.1756097560976","81.0292682926829","81.3780487804878","81.5292682926829","80.5317073170732","80.8756097560976","",
"Suecia","SWE","Esperanza de vida al nacer, total (años)","SP.DYN.LE00.IN","73.0056097560976","73.4743902439024","73.3504878048781","73.5553658536585","73.7331707317073","73.8617073170732","74.0785365853659","74.1224390243903","73.9729268292683","74.0848780487805","74.6492682926829","74.6239024390244","74.7180487804878","74.8673170731707","74.9804878048781","74.9846341463415","74.9692682926829","75.379756097561","75.4690243902439","75.5241463414634","75.7409756097561","76.0260975609756","76.3273170731707","76.5517073170732","76.8158536585366","76.6678048780488","76.9312195121951","77.0921951219512","76.9792682926829","77.7268292682927","77.5368292682927","77.6668292682927","77.9987804878049","78.0604878048781","78.650243902439","78.7404878048781","78.9590243902439","79.1975609756098","79.3390243902439","79.4414634146342","79.6439024390244","79.7951219512195","79.8463414634146","80.0951219512195","80.4975609756098","80.5463414634146","80.7487804878049","80.9","81.1","81.3512195121951","81.4512195121951","81.8024390243903","81.7048780487805","81.9560975609756","82.2536585365854","82.2048780487805","82.3073170731707","82.409756097561","82.5585365853659","83.109756097561","82.3560975609756","83.1560975609756","",
"Eswatini","SWZ","Esperanza de vida al nacer, total (años)","SP.DYN.LE00.IN","45.813","46.191","46.614","46.854","47.335","47.907","48.56","49.128","49.748","50.318","50.804","51.31","51.821","52.468","53.086","53.824","54.658","55.598","56.477","57.268","57.846","58.392","59.02","58.172","59.999","60.785","61.438","62.042","62.673","62.927","63.072","62.685","61.735","60.233","58.268","56.148","53.873","52.044","50.333","48.733","47.256","45.975","44.486","43.349","42.538","42.125","43.12","43.641","44.175","44.639","46.619","48.195","49.835","51.486","53.05","55.019","56.659","57.895","59.411","60.549","59.692","57.066","",
"Sint Maarten (Dutch part)","SXM","Esperanza de vida al nacer, total (años)","SP.DYN.LE00.IN","66.246","65.73","66.807","68.566","68.604","66.403","68.325","69.091","68.795","70.158","71.907","71.437","71.736","72.096","72.309","72.579","72.709","72.269","71.961","71.551","70.918","71.228","72.432","72.585","72.418","72.282","72.202","72.201","72.871","72.481","72.324","71.954","72.509","72.293","72.338","72.406","72.858","73.76","73.48","75.034","74.514","74.522","74.858","74.148","74.24","75.542","75.926","75.417","75.742","75.441","75.132","74.684","74.608","74.917","76.773","76.954","76.598","75.03","75.131","75.437","74.584","73.972","",
"Seychelles","SYC","Esperanza de vida al nacer, total (años)","SP.DYN.LE00.IN","","","","","","","","","","","","","","","","","","","","","69.5975609756098","70.1878048780488","69.3243902439024","70.3829268292683","69.5536585365854","69.6975609756098","68.6560975609756","68.2365853658537","68.7024390243902","67.9707317073171","68.1073170731707","70.7121951219512","71.2146341463415","69.4682926829268","70.7292682926829","72.4829268292683","71.5609756097561","71.2121951219512","71.7463414634146","72.6682926829268","72.7780487804878","73.2536585365854","71.0878048780488","71.0292682926829","72.6609756097561","72.1317073170732","72.2170731707317","73.1439024390244","73.1634146341463","73.0829268292683","73.1975609756098","72.7243902439024","74.2756097560976","73.119512195122","73.2292682926829","74.2951219512195","74.309756097561","74.3","72.8414634146341","74.0463414634146","77.2365853658537","73.3975609756097","",
"República Árabe Siria","SYR","Esperanza de vida al nacer, total (años)","SP.DYN.LE00.IN","53.547","54.437","55.086","55.778","56.5","57.113","57.598","58.095","59.065","59.878","60.527","61.37","61.9","60.691","63.119","63.538","63.922","63.764","65.806","66.138","66.351","64.372","61.119","67.829","68.924","68.756","69.206","69.295","69.674","69.76","69.817","70.036","70.263","70.193","70.141","70.416","70.347","70.283","70.196","70.425","70.764","71.644","71.939","72.414","72.475","72.769","73.35","73.709","73.551","73.853","73.881","73.305","66.769","63.827","63.153","65.124","65.993","68.481","70.145","71.822","72.14","72.063","",
"Islas Turcas y Caicos","TCA","Esperanza de vida al nacer, total (años)","SP.DYN.LE00.IN","55.032","55.313","56.266","58.107","60.159","61.102","60.757","59.757","58.474","57.195","56.31","56.28","57.391","60.172","64.501","67.985","69.865","70.584","70.227","69.37","68.699","68.429","68.389","68.634","68.872","69.197","69.592","70.168","70.411","69.941","69.001","68.888","69.64","69.625","68.447","68.308","71.287","72.365","73.964","74.01","73.575","74.131","75.54","75.411","76.786","77.148","76.831","75.914","76.632","77.164","76.243","76.195","77.037","77.018","77.135","76.912","76.864","76.702","76.443","75.326","75.001","74.587","",
"Chad","TCD","Esperanza de vida al nacer, total (años)","SP.DYN.LE00.IN","38.374","38.631","38.835","39.072","39.333","39.12","39.15","39.479","39.903","40.265","40.603","40.19","41.399","41.78","41.785","41.872","42.036","42.255","42.504","42.81","43.06","43.312","43.73","44.179","44.515","45.05","45.21","42.798","45.785","45.875","44.686","45.941","46.102","46.318","46.449","46.711","47.013","47.217","47.224","47.372","47.443","47.85","47.946","48.206","48.232","48.312","48.286","48.751","49.024","49.196","49.584","50.009","50.54","50.781","51.202","51.589","52.083","52.308","52.825","53.259","52.777","52.525","",
"Asia oriental y el Pacífico (BIRF y la AIF)","TEA","Esperanza de vida al nacer, total (años)","SP.DYN.LE00.IN","37.5395084679193","43.2086671925563","51.07517555209","51.5776454305369","52.3076999086209","52.2259776309529","53.4065830666738","54.2822465689026","54.759095629249","55.4656724876745","56.178378794284","57.0344505300789","57.6329127799725","58.5938332939539","59.2397800445583","60.0037503928324","60.8415727209606","61.5972034392303","62.2304427115109","62.8493710837017","63.4021123001071","63.9029523000635","64.3858102366307","64.8056701683747","65.198912488575","65.5785343099174","65.9246055932951","66.2743562105864","66.5533747552336","66.8781638896615","67.0961051258348","67.3195138335551","67.8411583719772","68.3047872332414","68.5893875685668","69.0211182892094","69.278857532932","69.6733384564757","70.0990699592342","70.3163011501395","70.6924622205943","71.2883826478195","71.6386767670973","71.979469605854","72.059917455124","72.5973692703652","72.9555238889124","73.2036602652449","73.1506565921811","73.6994202494047","73.9199887002821","74.1870440946337","74.4305792471931","74.6738496803997","74.9277248125601","75.1521464652061","75.3531204811651","75.4157333943935","75.8356932818659","76.0366573507797","75.9688903275997","75.5711934120901","",
"Europa y Asia central (BIRF y la AIF)","TEC","Esperanza de vida al nacer, total (años)","SP.DYN.LE00.IN","64.8506329147059","65.0762157670695","64.9161967227738","65.4833019395912","65.9662965910657","65.9001558858699","66.0703914197773","65.8650931423395","65.9896338523295","65.6508380939464","66.252517093097","66.4991941924868","66.6705407102495","66.8070724321099","66.9651265248677","66.7757034128524","66.782312527015","66.7774374716575","66.8429125111406","66.7992352506555","66.9331566761324","67.2475401963567","67.5780380263327","67.6196398271684","67.5073802969019","67.861398045305","68.7524644524818","68.9006735069763","68.9287051675588","69.0186520168103","68.9202832810128","68.6446988524617","67.7695205899005","66.9758293228897","66.9744202407592","67.0301362318244","67.5949821812948","68.0831337990858","68.5060242109996","68.1874334678386","68.379542167384","68.555882691225","68.650378485346","68.7734207924604","69.112331849457","69.2018594416428","69.7890954070327","70.2579572239271","70.5600420313381","71.1044799874778","71.4178120547347","71.8869177825838","72.2616843844611","72.6995608977633","72.9182205330539","73.1398854461592","73.4575763801701","73.8891983743267","74.0532184477118","74.3447743135936","72.7012067160895","71.878840111515","",
"Togo","TGO","Esperanza de vida al nacer, total (años)","SP.DYN.LE00.IN","42.692","42.882","43.154","43.372","43.702","43.97","44.373","44.823","45.284","45.666","46.12","46.587","47.089","47.597","48.099","48.729","49.328","49.76","50.232","50.765","51.227","51.764","52.256","52.635","53.089","53.432","53.713","54.051","54.348","54.39","54.37","54.268","54.299","54.195","54.037","54.037","54.098","54.192","54.199","54.538","54.742","54.86","55.311","55.639","55.569","55.962","56.222","56.511","56.695","57.011","57.304","57.925","58.073","58.684","58.853","59.396","59.55","60.154","60.244","60.901","61.035","61.619","",
"Tailandia","THA","Esperanza de vida al nacer, total (años)","SP.DYN.LE00.IN","51.035","52.364","52.79","53.244","53.978","54.712","55.254","55.754","56.207","56.932","57.711","58.524","59.051","59.836","60.552","61.272","61.978","62.354","62.74","63.209","64.012","64.595","65.163","65.789","66.733","67.587","68.419","69.448","69.689","70.122","70.445","70.717","70.885","71.068","71.227","70.948","71.653","72.501","72.862","72.542","72.316","72.613","72.93","73.155","73.08","73.82","74.938","75.187","75.492","75.842","76.131","76.421","76.772","77.083","77.415","77.717","78.049","78.394","78.662","78.975","79.274","78.715","",
"Tayikistán","TJK","Esperanza de vida al nacer, total (años)","SP.DYN.LE00.IN","53.628","53.998","54.257","54.542","54.846","55.094","55.347","55.675","56.063","56.484","56.809","57.23","57.637","57.94","58.449","58.876","59.167","59.377","59.531","59.597","59.506","59.456","59.684","59.808","60.093","60.418","60.846","61.254","61.792","61.953","61.879","61.379","55.074","52.867","57.48","59.338","59.129","60.348","61.519","62.621","63.26","64.057","64.846","65.552","66.028","66.514","67.013","67.217","67.688","68.039","67.742","68.148","68.484","68.885","69.069","69.306","69.549","69.905","70.353","70.867","67.994","71.594","",
"Turkmenistán","TKM","Esperanza de vida al nacer, total (años)","SP.DYN.LE00.IN","53.469","53.939","54.325","54.785","55.177","55.522","55.92","56.39","56.694","57.173","57.663","58.038","58.425","58.832","59.256","59.525","59.668","59.877","60.265","60.601","61.022","61.452","61.603","61.846","62.256","62.475","62.976","63.352","63.682","63.787","63.939","64.035","63.875","63.804","63.756","63.684","63.596","63.646","64.106","64.518","65.026","65.156","65.385","65.746","66.075","66.068","66.499","66.895","67.407","67.958","68.293","68.567","68.722","68.74","68.614","68.782","68.777","68.916","68.796","69.002","68.687","69.264","",
"América Latina y el Caribe (BIRF y la AIF)","TLA","Esperanza de vida al nacer, total (años)","SP.DYN.LE00.IN","54.6593273046278","55.2174275813504","55.670493360257","56.1136801397737","56.612890850558","57.0150015698179","57.4371121914369","57.8298151938686","58.213366943571","58.5671266446391","58.6305014722395","59.4624714374455","59.8294303101962","60.3818664030384","60.8049469322613","61.3435040566527","61.5768393393117","62.1544648374903","62.5328098323562","62.8903418336418","63.3273880571913","63.8326351978654","64.1749423181428","64.742490481737","65.1676005167906","65.499989132006","66.108557626695","66.5429780214484","66.9649869746058","67.315163336064","67.6104425497252","67.9769949265823","68.3163778110758","68.6519201642099","69.0393867839592","69.3549606653557","69.7343414631515","70.098100450077","70.3517383295354","70.7609088097355","71.0789491788505","71.3382890766088","71.6941326160221","71.8813891155091","72.2098090387214","72.5893091404427","72.8019442317792","72.9451722114854","73.1711254446773","73.3794254810154","73.2679098813985","73.7647600829535","73.9955955930206","74.249805704993","74.4596934288446","74.5211645368618","74.4879704398703","74.6553496527333","74.7764883913037","74.9718239600748","72.927954848926","72.0749025193054","",
"Timor-Leste","TLS","Esperanza de vida al nacer, total (años)","SP.DYN.LE00.IN","32.2","32.574","32.953","33.258","33.602","34.357","34.998","35.73","36.225","36.712","37.166","37.722","38.318","38.994","36.877","24.834","25.957","24.427","21.837","22.529","28.446","29.567","30.824","31.635","33.751","33.795","34.344","35.644","35.753","44.55","44.953","44.985","46.276","47.254","48.252","48.024","48.816","49.517","49.123","45.701","58.568","59.362","60.148","60.871","61.628","62.328","63.073","63.723","64.329","64.854","65.304","65.697","66.081","66.44","66.787","67.137","67.446","67.745","68.017","68.268","68.475","67.737","",
"Oriente Medio y Norte de África (BIRF y la AIF)","TMN","Esperanza de vida al nacer, total (años)","SP.DYN.LE00.IN","44.6211493380158","45.3369402347223","45.6107311553724","46.7715949538392","47.4438758060252","48.0462986328895","48.5578196577974","49.0289162510941","49.4537525999979","50.0577122093921","50.6293034475576","51.2975120766879","51.8633094797315","52.4340550171065","53.2437565355351","53.8460063494848","54.2816584446333","55.599572709853","56.1360160424553","57.3647401973974","57.7170936442408","57.5745525212436","58.0497068161057","59.6274972863127","60.9385419986938","61.7343565229549","62.3061983013403","63.0228490216556","63.3941759476099","64.334166634891","64.3200057350326","65.5585440291806","66.1351551400815","66.4478433545246","66.6218867335853","66.9399820546723","67.330456137249","67.6056305610493","67.82423611596","68.2568950163231","68.6233338932417","68.9637362403083","69.3087484886951","69.1230574789837","69.6081160153551","69.8841373211559","70.0719112166503","70.4070138492431","70.6645249982073","71.0046504281841","71.2575818425093","71.503547867921","71.3540519418564","71.3759772152023","71.6923140703475","71.9585514664059","72.2301322796325","72.7432285455686","72.9633890576299","73.1193901266412","72.1463761984205","71.8811305367081","",
"Tonga","TON","Esperanza de vida al nacer, total (años)","SP.DYN.LE00.IN","58.231","58.589","59.085","59.551","60.054","60.58","61.132","61.66","62.185","62.737","63.232","63.661","63.983","64.242","64.595","64.844","65.127","65.302","65.578","65.782","65.961","66.132","66.072","66.369","66.482","66.626","66.752","66.884","67.026","67.162","67.294","67.518","67.686","67.855","68.014","68.17","68.323","68.49","68.642","68.809","68.978","69.127","69.335","69.495","69.67","69.768","69.894","70.048","70.164","70.012","70.323","70.381","70.442","70.505","70.54","70.607","70.661","70.713","70.779","70.871","70.928","70.986","",
"Asia meridional (BIRF y la AIF)","TSA","Esperanza de vida al nacer, total (años)","SP.DYN.LE00.IN","45.1048401885708","45.4210629448542","45.8046045584594","46.1169939835545","46.5074852157805","45.5837162664608","46.1540280717292","46.5604624759685","48.0794698410504","48.4791927481359","48.2830377168227","46.7148686006183","49.6289515875034","50.0875127493481","50.5881307129825","51.1929189918098","51.7130245453297","52.1984669940858","52.7123469904547","53.2145606577235","53.7598069401514","54.3185783162523","54.8305638388043","55.3737808939205","55.8426533118238","56.2952409457846","56.8230486019798","57.228519836667","57.674477903632","58.0569973195997","58.5616672967409","58.737970077587","59.377820248825","59.7125032701818","60.1045630663123","60.4582982352674","60.8256247493127","61.344167216974","61.9292807951764","62.5570970807008","62.8929726964929","63.3036627551141","63.7712873167057","64.1993917380713","64.5398610012559","64.9156958515493","65.3706684740763","65.6313214612399","65.9599279691186","66.2539480485867","66.7494102268344","67.1407285629299","67.6298429069426","68.1194693436966","68.6366684220052","69.1425888809621","69.6088639890302","69.9791020756437","70.2534786113924","70.4727549740685","69.7483309161325","67.5791290463818","",
"África al sur del Sahara (BIRF y la AIF)","TSS","Esperanza de vida al nacer, total (años)","SP.DYN.LE00.IN","41.4225457764481","41.7397393580756","42.2007205755248","42.4406202612887","42.8908377269423","43.0294512913119","42.9840900521411","43.2321783317863","43.6707347759876","43.9113071674781","44.3698302373441","44.8708039688415","44.9873436571651","45.7087953569855","45.9204616638043","46.3064327040879","46.9849522048662","47.4478032114815","47.7485869601624","48.2100289145998","48.5724557550331","48.9378194604499","49.176041684887","48.3321481923935","48.3618077451539","48.6127475268002","49.0070698737591","49.3381215819855","49.0201976754575","49.8848694933931","49.824307633488","49.6996310276074","49.4721606714275","49.6969325187812","50.0021598833425","50.1141740715954","50.0485283330994","50.2153367096642","49.9277868743025","50.6408381841779","51.2645448028029","51.5363218250061","51.891342436414","52.36952152081","52.8488071191082","53.4621950485481","54.2133010695829","54.8490285448747","55.4507126052464","56.2196130711593","56.8473656890804","57.5586106850984","58.1410132486788","58.6680386013851","59.1426540000299","59.5629776824937","60.0690208848049","60.4771348418398","60.8630241394089","61.2442873450193","60.8488912524737","60.2417403457928","",
"Trinidad y Tobago","TTO","Esperanza de vida al nacer, total (años)","SP.DYN.LE00.IN","63.026","62.865","63.427","63.822","63.843","64.147","64.376","64.798","64.668","64.685","65.057","65.283","64.947","65.561","66.848","66.786","66.273","66.641","67.438","67.768","67.572","67.65","67.646","67.935","67.592","67.543","68.279","68.281","68.419","68.438","68.272","68.859","68.391","68.811","68.511","69.17","69.009","68.719","69.16","68.377","69.102","69.646","70.488","69.729","71.076","71.308","71.256","71.652","71.47","73.126","72.725","73.278","73.716","73.962","74.215","74.503","74.281","74.23","73.802","74.228","74.406","72.971","",
"Túnez","TUN","Esperanza de vida al nacer, total (años)","SP.DYN.LE00.IN","43.94","44.146","45.513","46.5","47.365","48.428","49.327","50.466","51.573","52.523","53.87","54.835","56.107","57.2","58.282","59.468","60.426","61.543","62.338","63.211","63.975","64.691","65.417","66.137","66.82","67.589","68.228","68.899","69.569","69.671","70.11","70.521","70.701","71.235","71.615","71.988","72.38","72.863","73.169","73.508","73.69","73.816","74.059","74.305","74.49","74.764","74.921","75.072","75.185","75.267","75.421","75.46","75.55","75.65","75.65","75.692","75.786","75.845","75.95","75.993","75.292","73.772","",
"Turquía","TUR","Esperanza de vida al nacer, total (años)","SP.DYN.LE00.IN","50.74","51.55","52.382","53.173","53.714","54.258","54.71","55.361","55.835","56.378","56.895","57.409","58.069","58.521","59.051","59.497","59.965","60.743","61.37","61.912","62.504","63.01","63.604","64.146","64.706","65.24","65.772","66.278","66.794","67.245","67.709","68.169","68.486","68.911","69.295","69.609","70.141","70.57","71.039","70.695","71.861","72.231","72.579","72.89","73.24","73.534","73.845","74.193","74.45","74.765","75.069","74.941","75.678","76.297","76.565","76.646","76.66","77.141","77.563","77.832","75.85","76.032","",
"Tuvalu","TUV","Esperanza de vida al nacer, total (años)","SP.DYN.LE00.IN","46.355","47.271","48.193","49.075","49.984","50.893","51.767","52.556","53.386","54.198","54.94","55.708","54.364","57.197","57.946","58.535","59.159","59.672","60.133","60.506","60.833","61.123","61.331","61.456","61.541","61.589","61.553","61.444","61.431","61.531","61.661","61.909","60.491","62.654","62.924","63.098","63.21","63.356","63.418","63.427","63.499","63.543","63.58","63.631","63.693","63.836","63.928","63.931","63.948","63.949","63.978","63.974","63.964","64.008","64.025","64.06","64.108","64.148","64.212","64.278","64.382","64.547","",
"Tanzanía","TZA","Esperanza de vida al nacer, total (años)","SP.DYN.LE00.IN","42.937","43.1","43.285","43.494","43.747","44.026","44.381","44.756","45.366","45.973","46.45","46.917","47.324","47.978","48.306","48.722","49.236","49.842","50.321","50.907","51.201","51.472","51.528","51.543","51.546","51.556","51.672","51.726","51.843","51.739","51.485","51.306","50.989","50.87","50.797","50.786","50.744","50.624","50.914","51.748","52.362","53.161","53.863","54.895","55.596","56.299","56.911","57.52","58.086","58.894","60.105","61.049","62.03","62.96","63.873","64.651","65.386","65.999","66.535","66.989","66.408","66.201","",
"Uganda","UGA","Esperanza de vida al nacer, total (años)","SP.DYN.LE00.IN","45.506","46.257","46.965","47.431","47.889","48.24","48.338","48.962","49.213","49.511","49.616","46.93","46.967","46.84","46.612","46.267","45.869","45.511","45.207","44.981","42.949","43.09","43.185","43.519","43.752","45.381","45.322","46.619","46.701","46.472","46.443","46.316","46.368","46.237","46.353","46.567","46.67","46.977","47.175","47.786","48.342","49.006","49.648","50.368","51.547","52.976","54.369","55.236","55.823","56.488","57.055","57.965","58.817","59.763","60.408","61.086","61.648","62.115","62.714","62.991","62.851","62.705","",
"Ucrania","UKR","Esperanza de vida al nacer, total (años)","SP.DYN.LE00.IN","69.4850487804878","69.5723658536586","69.3345853658537","69.7874878048781","70.205512195122","69.8683902439025","69.7309512195122","69.5615365853659","69.5547804878049","68.9756097560976","68.8089756097561","69.037756097561","68.9172926829269","69.0430975609756","68.9340243902439","69.0463170731707","69.0428536585366","68.8185609756098","68.7599756097561","68.4696829268293","68.3301707317073","68.5981951219512","68.8756829268293","68.8463902439025","68.5058048780488","68.6131219512195","70.0662926829268","70.4951219512195","70.4975609756098","70.519512195122","70.0975609756098","69.2980487804878","68.7709756097561","68.1307317073171","67.5412195121951","66.7419512195122","67.0224390243903","67.5763414634146","68.3748780487805","67.9809756097561","67.6756097560976","67.8370731707317","68.2756097560976","68.2107317073171","68.1853658536585","67.9568292682927","68.0775609756098","68.2221951219512","68.2514634146342","69.19","70.2653658536586","70.8092682926829","70.9441463414634","71.159512195122","71.1865853658537","71.189512195122","71.4763414634146","71.7809756097561","71.5826829268293","71.8273170731707","71.1851219512195","69.6478048780488","",
"Ingreso mediano alto","UMC","Esperanza de vida al nacer, total (años)","SP.DYN.LE00.IN","43.4327264653978","48.0812524735331","54.3218561255008","54.85169513953","55.4888531683304","55.9986394759893","56.5237510896997","56.9981900787273","57.4932287651561","57.9247982952454","58.6016259348297","59.3943033330659","60.0238321336906","60.7368509975858","61.317065001005","61.8408971441852","62.4559795514913","63.0452568528652","63.5720960601933","64.0556449653559","64.5209232773518","64.9897867285167","65.4289128363493","65.8467087835726","66.1835890251216","66.5592268167282","67.0558992772637","67.3800991742048","67.6016510965989","67.8602894034903","68.0087093668888","68.1795405239109","68.458094231475","68.660860839246","68.9220158244176","69.2794627870228","69.619612609933","70.005045015627","70.4051112541976","70.5276462667826","70.8701370918433","71.3757209311985","71.6319463419677","71.8861043396663","72.2164954588285","72.5377827408528","72.9378559470346","73.2209779895282","73.4316558525717","73.8734705784543","74.1289032040043","74.4580391620115","74.7862032983904","75.0820940342667","75.347835151111","75.569782341862","75.7666753428799","75.9449821833649","76.3172234165111","76.5435121382698","75.8387622063524","75.4814067541542","",
"Uruguay","URY","Esperanza de vida al nacer, total (años)","SP.DYN.LE00.IN","67.772","67.895","67.994","68.084","68.179","68.294","68.427","68.558","68.698","68.815","68.904","68.969","68.933","69.096","69.193","69.335","69.523","69.746","69.999","70.279","70.582","70.901","71.223","71.539","71.841","72.123","72.381","72.613","72.82","73.002","73.162","73.305","73.441","73.579","73.728","73.896","74.088","74.298","74.527","74.769","75.025","75.285","75.54","75.785","76.007","76.194","76.362","76.498","76.623","76.738","76.858","76.983","77.111","77.24","77.366","77.483","77.571","77.625","77.611","77.508","78.43","75.436","",
"Estados Unidos","USA","Esperanza de vida al nacer, total (años)","SP.DYN.LE00.IN","69.7707317073171","70.2707317073171","70.119512195122","69.9170731707317","70.1658536585366","70.2146341463415","70.2121951219512","70.5609756097561","69.9512195121951","70.5073170731708","70.8073170731707","71.1073170731707","71.1560975609756","71.3560975609756","71.9560975609756","72.6048780487805","72.8560975609756","73.2560975609756","73.3560975609756","73.8048780487805","73.609756097561","74.009756097561","74.3609756097561","74.4634146341463","74.5634146341464","74.5634146341464","74.6146341463415","74.7658536585366","74.7658536585366","75.0170731707317","75.2146341463415","75.3658536585366","75.6170731707317","75.419512195122","75.619512195122","75.6219512195122","76.0268292682927","76.4292682926829","76.5804878048781","76.5829268292683","76.6365853658537","76.8365853658537","76.9365853658537","77.0365853658537","77.4878048780488","77.4878048780488","77.6878048780488","77.9878048780488","78.0390243902439","78.390243902439","78.5414634146342","78.6414634146341","78.7414634146342","78.7414634146342","78.8414634146341","78.690243902439","78.5390243902439","78.5390243902439","78.6390243902439","78.7878048780488","76.9804878048781","76.3292682926829","",
"Uzbekistán","UZB","Esperanza de vida al nacer, total (años)","SP.DYN.LE00.IN","57.473","57.795","58.066","58.44","58.846","59.203","59.464","59.803","60.217","60.716","60.934","61.325","61.627","61.676","62.006","62.181","62.506","62.329","62.563","62.688","63.036","63.304","63.563","63.805","64.002","64.287","64.723","64.984","65.147","65.281","65.346","65.131","65.109","64.829","64.685","64.646","64.712","64.764","65.035","65.383","65.724","66.087","66.604","67.04","67.401","67.49","67.891","68.292","68.765","68.871","69.235","69.649","69.874","69.99","70.234","70.475","70.755","71.01","71.149","71.344","70.331","70.862","",
"San Vicente y las Granadinas","VCT","Esperanza de vida al nacer, total (años)","SP.DYN.LE00.IN","56.443","57.932","59.482","61.063","62.667","64.264","65.651","66.666","67.527","68.178","68.57","68.733","68.499","68.583","69.079","69.367","69.391","69.676","69.586","69.752","70.184","70.376","70.433","70.959","71.188","71.521","71.639","72.046","72.35","72.732","72.38","72.937","72.624","72.458","71.922","72.097","71.266","70.922","71.097","71.3","71.377","71.938","72.168","72.352","73.035","73.516","74.017","74.703","75.053","75.083","74.718","74.596","74.146","73.798","74.473","74.407","74.28","74.305","74.128","72.835","72.126","69.629","",
"Venezuela","VEN","Esperanza de vida al nacer, total (años)","SP.DYN.LE00.IN","58.647","59.407","59.529","60.152","60.609","61.248","61.801","62.348","62.928","63.224","64.299","64.933","65.42","65.936","66.526","67.075","67.554","67.957","68.313","68.587","68.762","69.442","69.723","70.197","70.441","70.596","71.037","71.047","71.252","71.348","71.532","71.832","71.806","71.925","71.853","72.143","72.111","72.703","72.668","72.254","72.478","71.201","72.662","71.94","72.514","72.782","72.742","73.058","72.436","72.579","72.89","72.913","73.036","73.196","72.853","73.006","72.058","71.943","71.979","72.161","71.095","70.554","",
"Islas Vírgenes Británicas","VGB","Esperanza de vida al nacer, total (años)","SP.DYN.LE00.IN","59.564","60.219","61.601","63.533","64.647","65.238","65.333","65.078","65.018","65.469","66.609","67.09","67.143","67.809","68.025","67.834","68.074","68.163","67.644","67.463","67.715","68.371","69.869","70.939","72.101","73.403","73.715","73.532","73.73","74.032","73.927","72.872","73.324","73.996","73.63","74.24","74.622","74.403","74.906","74.412","73.966","73.846","73.891","73.986","74.251","74.723","74.88","75.039","75.007","75.26","75.428","75.486","75.532","75.574","75.612","75.675","75.724","74.785","75.831","75.863","75.849","74.494","",
"Islas Vírgenes (EE.UU.)","VIR","Esperanza de vida al nacer, total (años)","SP.DYN.LE00.IN","63.7459756097561","63.7845365853659","63.6580975609756","63.4234878048781","64.6180731707317","65.273","64.9280243902439","65.2239512195122","65.6371707317073","65.7591951219512","65.8386829268293","66.1832195121951","66.3898780487805","67.0704878048781","67.2836829268293","67.4678048780488","67.6617804878049","67.8813414634146","68.0486341463415","68.2202195121951","68.5291463414634","68.695512195122","69.1064146341463","69.3245609756098","69.5295365853659","69.7428048780488","70.0175609756098","70.3379024390244","70.7632682926829","71.0024634146341","71.2504634146341","71.4517804878049","71.652243902439","71.8177073170732","71.9951219512195","72.0099756097561","72.3873170731707","72.2032926829268","72.3258292682927","72.1968536585366","76.619512195122","77.6219512195122","77.5219512195122","77.5219512195122","77.7731707317073","77.4219512195122","78.3243902439024","76.8634146341463","77.1634146341463","77.5146341463415","77.8658536585366","78.3170731707317","78.5170731707317","78.7170731707317","78.8682926829268","79.0170731707317","79.1682926829268","79.3682926829268","79.5195121951219","79.6682926829268","79.819512195122","80.0682926829268","",
"Viet Nam","VNM","Esperanza de vida al nacer, total (años)","SP.DYN.LE00.IN","59.657","60.261","60.131","58.701","59.323","58.692","58.467","58.161","54.07","56.151","56.222","56.749","53.103","56.786","55.83","62.882","64.775","65.049","65.529","66.001","66.195","66.645","67.106","67.148","67.305","67.601","68.013","68.392","68.469","69.076","69.213","69.849","69.958","70.621","70.759","71.384","71.51","71.802","72.107","72.317","72.462","72.647","72.801","72.98","73.135","73.271","73.319","73.436","73.411","73.498","73.513","73.692","73.704","73.775","73.855","73.876","73.938","73.963","73.976","74.093","75.378","73.618","",
"Vanuatu","VUT","Esperanza de vida al nacer, total (años)","SP.DYN.LE00.IN","49.63","50.15","50.676","51.228","51.706","52.294","52.862","53.444","54.038","54.591","55.186","55.766","56.271","56.95","57.515","58.087","58.659","59.223","59.847","60.446","61.083","61.824","62.536","63.239","63.912","64.231","65.053","64.578","66.04","66.134","66.675","67.203","67.353","67.528","67.739","67.885","68.63","68.708","68.763","68.237","68.966","69.037","69.196","69.276","69.313","69.39","69.462","69.544","69.602","69.653","69.617","69.551","69.497","69.534","69.465","69.513","69.65","69.71","69.795","69.877","70.299","70.449","",
"Mundo","WLD","Esperanza de vida al nacer, total (años)","SP.DYN.LE00.IN","50.8944729514227","52.8465814402044","55.2088614624355","55.5425018754698","56.0350183494874","55.8607873586078","56.3899022315443","56.7949518979047","57.2255891761647","57.5357226466941","57.8411414566161","57.9674346547385","58.7930849784762","59.2947907034217","59.7137650771408","60.1662379033465","60.6259564397486","61.1210140667682","61.4816235574321","61.9029070400415","62.2336889204521","62.6113912356079","62.9723052855949","63.2157374109874","63.5202376865211","63.8124132499987","64.2083644946413","64.5128903213129","64.6850027436447","65.0229210811315","65.1885614129391","65.3353322647782","65.5965176042606","65.7803810874094","66.0253347163271","66.2157268980358","66.4800788288881","66.8217599740654","67.0967826678672","67.3871890730892","67.7004022318196","68.0522365473813","68.3332006706519","68.6068021272883","68.862333560286","69.1986838924939","69.5711659081405","69.8352381291935","70.0061999600787","70.4016813156035","70.6710858515209","71.0081145668168","71.2842226756456","71.5773042141968","71.8812963545335","72.0950779627176","72.3452628492043","72.5427521123259","72.7840895013344","72.9797158843228","72.2438502144183","71.3277178927735","",
"Samoa","WSM","Esperanza de vida al nacer, total (años)","SP.DYN.LE00.IN","54.688","55.315","55.89","56.46","53.601","57.54","57.922","58.553","59.076","59.64","60.18","60.704","61.23","61.747","62.25","62.764","63.214","63.642","63.999","64.39","64.748","65.095","65.419","65.736","66.048","66.347","66.623","66.883","67.188","67.471","67.658","67.881","68.385","68.701","68.98","69.298","69.588","69.875","70.171","70.456","70.746","71.019","71.276","71.496","71.696","71.754","72.021","72.1","72.155","70.066","72.249","72.26","72.167","72.391","72.463","72.515","72.54","72.59","72.636","72.157","72.768","72.767","",
"Kosovo","XKX","Esperanza de vida al nacer, total (años)","SP.DYN.LE00.IN","61.485","61.836","62.134","62.44","62.734","63.041","63.323","63.653","63.935","64.273","64.584","64.874","65.193","65.522","65.83","66.134","66.441","66.74","67.05","67.389","67.685","67.989","68.302","68.641","68.997","69.274","69.587","69.929","70.28","70.602","70.917","71.246","71.487","71.817","72.125","72.441","72.76","73.066","71.306","69.418","74.072","74.394","74.676","74.968","75.304","75.616","75.636","76.516","77.392","77.665","77.63","77.74","78.28","78.587","78.88","78.922","78.981","78.783","78.696","79.022","76.567","76.806","",
"Yemen, Rep. del","YEM","Esperanza de vida al nacer, total (años)","SP.DYN.LE00.IN","33.678","34.098","33.615","33.247","34.738","35.373","36.097","36.866","37.796","39.474","40.501","41.542","42.46","43.348","44.325","45.245","46.238","47.286","48.392","49.394","50.654","51.709","52.405","53.923","54.934","55.693","53.819","57.096","57.759","58.218","58.699","59.049","59.428","59.859","59.714","60.453","60.568","61.119","61.375","61.975","62.588","63.222","63.906","64.541","65.006","65.543","65.988","66.565","66.963","67.196","67.28","67.419","67.343","67.545","67.384","65.873","66.064","65.957","64.575","65.092","64.65","63.753","",
"Sudáfrica","ZAF","Esperanza de vida al nacer, total (años)","SP.DYN.LE00.IN","52.669","53.085","53.376","53.633","53.906","54.192","54.391","54.626","54.876","55.194","55.579","55.955","56.272","56.722","57.117","57.512","58.006","58.492","58.979","59.395","59.813","60.364","60.933","61.465","61.907","62.38","62.912","63.041","63.345","63.31","63.375","63.265","63.341","63.045","62.612","62.262","61.459","60.805","60.001","59.241","58.47","57.261","55.666","54.331","54.043","53.98","54.278","54.992","56.022","57.447","58.899","60.651","61.846","62.533","63.38","63.95","64.747","65.402","65.674","66.175","65.252","62.341","",
"Zambia","ZMB","Esperanza de vida al nacer, total (años)","SP.DYN.LE00.IN","49.042","49.452","49.794","50.133","49.849","50.563","50.679","50.802","50.856","51.147","51.493","52.023","52.629","53.3","53.87","54.239","54.604","54.709","54.61","54.439","54.143","54.047","53.859","53.389","52.755","51.902","51.061","50.328","49.527","48.696","47.926","47.097","46.512","46.209","45.854","45.553","45.233","44.945","44.701","44.659","45.231","46.019","46.979","48.284","49.487","50.659","51.795","52.739","53.945","55.3","56.799","57.771","58.867","59.878","60.699","61.208","61.794","62.12","62.342","62.793","62.38","61.223","",
"Zimbabwe","ZWE","Esperanza de vida al nacer, total (años)","SP.DYN.LE00.IN","53.235","53.619","54.071","54.549","54.994","55.459","55.889","56.188","56.455","56.714","57.032","57.196","57.401","57.367","57.494","57.552","56.936","56.285","54.593","55.038","58.674","59.327","59.875","60.248","61.051","61.624","62.023","61.767","61.323","60.401","59.426","58.091","56.435","54.426","52.588","50.531","48.955","47.993","46.819","45.206","44.686","41.957","44.565","43.393","44.502","44.768","45.364","45.61","46.723","48.063","50.652","53.347","55.626","57.458","58.846","59.591","60.306","60.709","61.414","61.292","61.124","59.253","",
